[0.611, 0.535, 1.0, 0.84, 0.489]
[0.602, 0.693, 0.9016393442622951, 0.743, 0.489]
[0.602, 0.254, 0.8575148809523809, 0.788, 0.0]
[0.602, 0.307, 0.8442731318548311, 0.673, 0.0]
[0.598, 0.825, 0.8440199668306501, 0.792, 0.489]
[0.614, 0.915, 0.8187485550835196, 0.652, 0.489]
[0.606, 0.907, 0.897973541980895, 0.607, 0.489]
[0.608, 0.85, 0.9057025166614208, 0.463, 0.489]
[0.616, 0.751, 0.8530928192211538, 0.711, 0.488]
[0.607, 0.69, 0.8089277695156447, 0.791, 0.489]
[0.601, 0.859, 0.8556632549679328, 0.686, 0.489]
[0.595, 0.559, 0.8376160773622559, 0.666, 0.0]
[0.586, 0.722, 0.8631327942433922, 0.666, 0.489]
[0.601, 0.639, 0.7694982162165884, 0.617, 0.0]
[0.592, 0.708, 0.7945176667158091, 0.532, 0.0]
[0.605, 0.745, 0.7687813410166815, 0.527, 0.0]
[0.597, 0.592, 0.7906378905718694, 0.648, 0.0]
[0.57, 0.444, 0.7591269841269841, 0.452, 0.0]
[0.621, 0.551, 0.7967730863283635, 0.587, 0.488]
[0.611, 0.9, 0.8071033510735264, 0.687, 0.489]
[0.606, 0.718, 0.6862399445948977, 0.798, 0.489]
[0.599, 0.918, 0.7324359799021674, 0.679, 0.489]
[0.602, 0.864, 0.7437495532395494, 0.69, 0.489]
[0.598, 0.929, 0.7913957440409053, 0.679, 0.489]
[0.615, 0.868, 0.809369591186708, 0.759, 0.489]
[0.613, 0.492, 0.8357309805035904, 0.658, 0.0]
[0.612, 0.838, 0.7837135237704498, 0.743, 0.0]
[0.612, 0.81, 0.8002394799863155, 0.634, 0.0]
[0.609, 0.91, 0.7524619490694155, 0.734, 0.489]
[0.607, 0.834, 0.7656699813319938, 0.754, 0.0]
[0.602, 0.802, 0.7966626425217974, 0.668, 0.0]
[0.601, 0.728, 0.8427490619686103, 0.696, 0.0]
[0.611, 0.925, 0.833584634242235, 0.805, 0.489]
[0.605, 0.697, 0.7722340976266562, 0.651, 0.0]
[0.614, 0.521, 0.8319892394486198, 0.794, 0.489]
[0.597, 0.833, 0.8007037509181913, 0.669, 0.0]
[0.613, 0.728, 0.761405369322036, 0.722, 0.0]
[0.602, 0.835, 0.8116619525053259, 0.74, 0.0]
[0.607, 0.888, 0.8333202798663324, 0.666, 0.0]
[0.599, 0.41, 0.8413940684140833, 0.501, 0.0]
[0.585, 0.281, 0.7691557499778807, 0.385, 0.0]
[0.608, 0.826, 0.8522738838953698, 0.606, 0.489]
[0.6, 0.853, 0.8361016705254357, 0.639, 0.0]
[0.611, 0.569, 0.8916796224224605, 0.598, 0.489]
[0.611, 0.472, 0.8700369281414393, 0.638, 0.489]
[0.585, 0.637, 0.8815826414143138, 0.612, 0.0]
[0.597, 0.714, 0.7944192843105566, 0.519, 0.0]
[0.602, 0.751, 0.8243453654188948, 0.69, 0.0]
[0.601, 0.837, 0.7722476519101119, 0.747, 0.0]
[0.596, 0.579, 0.8308520252026408, 0.615, 0.0]
[0.614, 0.553, 0.7824242597126805, 0.673, 0.0]
[0.605, 0.869, 0.840112555724496, 0.647, 0.489]
[0.609, 0.401, 0.8217322399617837, 0.7, 0.0]
[0.606, 0.586, 0.8203760541332121, 0.603, 0.0]
[0.607, 0.716, 0.762230312334375, 0.674, 0.0]
[0.593, 0.836, 0.8751650025648658, 0.693, 0.489]
[0.606, 0.726, 0.7744210950421986, 0.723, 0.0]
[0.609, 0.743, 0.8434026757556169, 0.64, 0.0]
[0.619, 0.479, 0.7663712999329437, 0.801, 0.488]
[0.601, 0.801, 0.8356374279521858, 0.592, 0.0]
[0.603, 0.861, 0.7612773173926728, 0.739, 0.0]
[0.601, 0.533, 0.8346665910034012, 0.699, 0.0]
[0.612, 0.639, 0.764327560980185, 0.613, 0.0]
[0.603, 0.76, 0.8181697366742535, 0.755, 0.0]
[0.605, 0.848, 0.7590914600725187, 0.77, 0.0]
[0.603, 0.796, 0.8291505340841415, 0.639, 0.0]
[0.603, 0.857, 0.7690592588189842, 0.721, 0.0]
[0.606, 0.907, 0.780375032526672, 0.736, 0.0]
[0.606, 0.835, 0.819515982441894, 0.677, 0.0]
[0.595, 0.28, 0.8351944329351448, 0.64, 0.0]
[0.606, 0.785, 0.7982663995551658, 0.701, 0.0]
[0.599, 0.805, 0.8102731385153806, 0.602, 0.0]
[0.626, 0.437, 0.8211907932701227, 0.712, 0.488]
[0.601, 0.493, 0.772827868852459, 0.714, 0.0]
[0.609, 0.68, 0.8008445723924409, 0.699, 0.0]
[0.601, 0.497, 0.7827011162674025, 0.656, 0.0]
[0.605, 0.812, 0.8290043016344508, 0.725, 0.0]
[0.604, 0.742, 0.812826819777524, 0.516, 0.0]
[0.6, 0.463, 0.8148845589775822, 0.692, 0.0]
[0.604, 0.909, 0.8057274798944327, 0.711, 0.0]
[0.601, 0.632, 0.7724557263142839, 0.629, 0.0]
[0.612, 0.666, 0.7783104352911082, 0.745, 0.0]
[0.605, 0.524, 0.7882707920302775, 0.755, 0.0]
[0.614, 0.466, 0.7766613265517635, 0.777, 0.489]
[0.602, 0.838, 0.7776773395857992, 0.635, 0.0]
[0.593, 0.478, 0.8188729696437422, 0.538, 0.0]
[0.595, 0.453, 0.7724648313164783, 0.542, 0.0]
[0.6, 0.794, 0.8815554951760839, 0.577, 0.0]
[0.605, 0.616, 0.8358930071758173, 0.634, 0.0]
[0.609, 0.494, 0.7738183665455362, 0.616, 0.0]
[0.599, 0.707, 0.8496296120274267, 0.538, 0.0]
[0.604, 0.569, 0.8388180196957262, 0.777, 0.489]
[0.589, 0.641, 0.8458669207687941, 0.714, 0.0]
[0.597, 0.807, 0.7910014426423422, 0.733, 0.0]
[0.604, 0.754, 0.729031996606101, 0.782, 0.0]
[0.609, 0.65, 0.8105225143727226, 0.631, 0.0]
[0.605, 0.926, 0.6944878841792971, 0.702, 0.489]
[0.609, 0.569, 0.8125073894418036, 0.778, 0.0]
[0.616, 0.784, 0.7729278670914789, 0.69, 0.488]
[0.614, 0.844, 0.7997783045370839, 0.655, 0.0]
[0.59, 0.706, 0.855026107552232, 0.645, 0.0]
[0.595, 0.658, 0.8212902912810592, 0.585, 0.0]
[0.595, 0.85, 0.7791869437716945, 0.721, 0.0]
[0.589, 0.631, 0.8124359152261047, 0.697, 0.0]
[0.596, 0.858, 0.7945636602571579, 0.706, 0.0]
[0.609, 0.259, 0.7923769841269841, 0.691, 0.0]
[0.605, 0.687, 0.756358121330724, 0.733, 0.0]
[0.595, 0.621, 0.8130678338936053, 0.78, 0.0]
[0.621, 0.389, 0.8567689050211735, 0.701, 0.488]
[0.616, 0.738, 0.8081427129762006, 0.603, 0.488]
[0.6, 0.428, 0.7711427554583905, 0.615, 0.0]
[0.6, 0.473, 0.822345029239766, 0.595, 0.0]
[0.604, 0.767, 0.7399917545281383, 0.723, 0.0]
[0.609, 0.506, 0.82862188057041, 0.696, 0.0]
[0.604, 0.826, 0.7944875877251518, 0.673, 0.0]
[0.602, 0.809, 0.7602170382457107, 0.675, 0.0]
[0.606, 0.561, 0.8437393199639203, 0.504, 0.0]
[0.589, 0.773, 0.8400938620062381, 0.658, 0.0]
[0.606, 0.631, 0.7850192096858764, 0.642, 0.0]
[0.621, 0.468, 0.7997449326940396, 0.701, 0.488]
[0.602, 0.911, 0.779396598226457, 0.734, 0.0]
[0.606, 0.813, 0.7988055683616964, 0.709, 0.0]
[0.621, 0.722, 0.7654944108221107, 0.652, 0.488]
[0.606, 0.8, 0.7933511077756602, 0.676, 0.0]
[0.605, 0.814, 0.7781568454878375, 0.721, 0.0]
[0.603, 0.828, 0.8392398328990396, 0.591, 0.0]
[0.601, 0.495, 0.816622317706946, 0.424, 0.0]
[0.604, 0.861, 0.7997008414992768, 0.624, 0.0]
[0.609, 0.268, 0.8123057555021868, 0.701, 0.0]
[0.617, 0.586, 0.8138575748380144, 0.674, 0.488]
[0.595, 0.606, 0.8312873036894968, 0.482, 0.0]
[0.616, 0.467, 0.8031324123447412, 0.704, 0.488]
[0.607, 0.59, 0.7947895568483805, 0.72, 0.0]
[0.613, 0.717, 0.8365172905584735, 0.683, 0.0]
[0.602, 0.584, 0.7894526935287856, 0.679, 0.0]
[0.602, 0.72, 0.7669258756981798, 0.75, 0.0]
[0.6, 0.308, 0.8247249249428548, 0.501, 0.0]
[0.601, 0.525, 0.8054079254079254, 0.47, 0.0]
[0.604, 0.465, 0.8286922721512974, 0.422, 0.0]
[0.594, 0.772, 0.7609014965939782, 0.732, 0.0]
[0.611, 0.794, 0.7329614620331726, 0.739, 0.0]
[0.607, 0.804, 0.8088153400671559, 0.691, 0.0]
[0.598, 0.809, 0.803665713477524, 0.642, 0.0]
[0.602, 0.729, 0.8482136990095248, 0.576, 0.0]
[0.607, 0.9, 0.7568098971923598, 0.703, 0.0]
[0.606, 0.838, 0.7931011984527627, 0.693, 0.0]
[0.596, 0.546, 0.8376392852302479, 0.487, 0.0]
[0.598, 0.564, 0.8565034454164752, 0.591, 0.0]
[0.6, 0.737, 0.8290484952926171, 0.539, 0.0]
[0.607, 0.831, 0.8000564020459453, 0.736, 0.0]
[0.584, 0.04, 0.9414598852247247, 0.217, 0.0]
[0.595, 0.649, 0.7908895572005527, 0.649, 0.0]
[0.606, 0.772, 0.759197724922577, 0.717, 0.0]
[0.606, 0.92, 0.8424342730660068, 0.551, 0.489]
[0.609, 0.635, 0.7866269121248084, 0.679, 0.0]
[0.604, 0.537, 0.8531267592601883, 0.532, 0.0]
[0.61, 0.696, 0.7961263328935743, 0.526, 0.0]
[0.603, 0.92, 0.7735540197200161, 0.65, 0.0]
[0.606, 0.942, 0.7379201414517123, 0.787, 0.489]
[0.618, 0.928, 0.7901594636186573, 0.721, 0.488]
[0.602, 0.761, 0.7920397550132943, 0.624, 0.0]
[0.625, 0.314, 0.7629866634268743, 0.653, 0.0]
[0.607, 0.86, 0.7770069377901202, 0.746, 0.0]
[0.611, 0.841, 0.7930422195489717, 0.645, 0.0]
[0.598, 0.795, 0.7589252649493443, 0.655, 0.0]
[0.605, 0.779, 0.7555202290644059, 0.612, 0.0]
[0.604, 0.904, 0.7968056916026891, 0.666, 0.0]
[0.603, 0.805, 0.7752602768440051, 0.574, 0.0]
[0.611, 0.815, 0.7988892842317501, 0.576, 0.0]
[0.594, 0.637, 0.7996277993929992, 0.663, 0.0]
[0.618, 0.647, 0.7936803498409141, 0.641, 0.488]
[0.606, 0.831, 0.7949991055474777, 0.639, 0.0]
[0.616, 0.806, 0.7656404012720245, 0.756, 0.488]
[0.608, 0.841, 0.7890265836007715, 0.757, 0.0]
[0.614, 0.426, 0.8174855532119583, 0.553, 0.0]
[0.605, 0.875, 0.788341417871626, 0.612, 0.0]
[0.608, 0.73, 0.8076377230839549, 0.646, 0.0]
[0.607, 0.869, 0.8005226138459056, 0.677, 0.0]
[0.597, 0.871, 0.7651630491385057, 0.739, 0.0]
[0.608, 0.674, 0.7648050931853749, 0.758, 0.0]
[0.602, 0.905, 0.7662597147409536, 0.605, 0.0]
[0.609, 0.544, 0.825020851397663, 0.741, 0.0]
[0.586, 0.717, 0.8192990079806904, 0.572, 0.0]
[0.611, 0.85, 0.8127359972582358, 0.627, 0.0]
[0.597, 0.752, 0.8480064139957783, 0.566, 0.0]
[0.606, 0.734, 0.7677567099348817, 0.749, 0.0]
[0.613, 0.807, 0.7321914994123829, 0.739, 0.0]
[0.604, 0.786, 0.7514689199323765, 0.63, 0.0]
[0.61, 0.811, 0.8207132107023412, 0.65, 0.0]
[0.619, 0.512, 0.8059572562785295, 0.669, 0.488]
[0.605, 0.803, 0.8063519875657407, 0.577, 0.0]
[0.597, 0.716, 0.7841285539638256, 0.698, 0.0]
[0.607, 0.812, 0.769362837838613, 0.719, 0.0]
[0.622, 0.685, 0.7322545937053502, 0.673, 0.488]
[0.598, 0.81, 0.7112922557536141, 0.718, 0.0]
[0.612, 0.884, 0.7820672421626533, 0.695, 0.0]
[0.605, 0.899, 0.7786345418100956, 0.714, 0.0]
[0.613, 0.933, 0.7547117650613331, 0.774, 0.489]
[0.6, 0.834, 0.7945013687413205, 0.73, 0.0]
[0.617, 0.505, 0.6444268144783858, 0.706, 0.0]
[0.599, 0.672, 0.7829126438354672, 0.627, 0.0]
[0.599, 0.456, 0.8186760358142373, 0.738, 0.0]
[0.603, 0.833, 0.823164033547098, 0.617, 0.0]
[0.616, 0.102, 0.8541678175054715, 0.445, 0.0]
[0.614, 0.414, 0.8224424205041532, 0.617, 0.0]
[0.611, 0.47, 0.7713030328512682, 0.666, 0.0]
[0.608, 0.845, 0.718856319554849, 0.76, 0.0]
[0.614, 0.476, 0.7487677817374216, 0.678, 0.0]
[0.602, 0.753, 0.8082314993739204, 0.718, 0.0]
[0.605, 0.561, 0.829379040348919, 0.59, 0.0]
[0.604, 0.891, 0.8148135813414241, 0.666, 0.0]
[0.606, 0.866, 0.770348430451993, 0.657, 0.0]
[0.607, 0.726, 0.7639187584803256, 0.742, 0.0]
[0.606, 0.342, 0.7795736364610241, 0.605, 0.0]
[0.602, 0.793, 0.7387051717056452, 0.731, 0.0]
[0.595, 0.754, 0.8657668107343047, 0.569, 0.0]
[0.607, 0.588, 0.7927692478610714, 0.665, 0.0]
[0.609, 0.613, 0.8337181034319697, 0.52, 0.0]
[0.599, 0.788, 0.780762983479452, 0.675, 0.0]
[0.607, 0.822, 0.7707571742391113, 0.683, 0.0]
[0.604, 0.744, 0.8399056021299057, 0.553, 0.0]
[0.603, 0.703, 0.7687841537023152, 0.718, 0.0]
[0.6, 0.88, 0.7598777890303839, 0.751, 0.0]
[0.604, 0.75, 0.8444967335866249, 0.631, 0.0]
[0.616, 0.758, 0.8193173166702579, 0.627, 0.488]
[0.598, 0.866, 0.8440537084398977, 0.537, 0.0]
[0.611, 0.623, 0.7834556748646115, 0.682, 0.0]
[0.59, 0.615, 0.8274681426835755, 0.396, 0.0]
[0.605, 0.867, 0.7903497807998986, 0.707, 0.0]
[0.611, 0.633, 0.8288119854544349, 0.62, 0.0]
[0.607, 0.928, 0.7421728779059275, 0.779, 0.489]
[0.617, 0.866, 0.8311341247578976, 0.616, 0.488]
[0.591, 0.534, 0.8624675835383708, 0.598, 0.0]
[0.595, 0.642, 0.8080108883503069, 0.612, 0.0]
[0.602, 0.633, 0.8325305719456516, 0.446, 0.0]
[0.601, 0.256, 0.8292052409534123, 0.622, 0.0]
[0.616, 0.718, 0.6590782237930768, 0.752, 0.488]
[0.6, 0.858, 0.7355395342792668, 0.69, 0.0]
[0.601, 0.53, 0.848059984621689, 0.483, 0.0]
[0.605, 0.583, 0.792433694041464, 0.677, 0.0]
[0.615, 0.8, 0.6853405398873563, 0.691, 0.0]
[0.606, 0.505, 0.7866491321127765, 0.706, 0.0]
[0.606, 0.85, 0.773038920145009, 0.717, 0.0]
[0.614, 0.656, 0.7728841735456276, 0.71, 0.0]
[0.589, 0.54, 0.8677001646631928, 0.546, 0.0]
[0.6, 0.879, 0.7597745200713465, 0.738, 0.0]
[0.606, 0.926, 0.8002448791041342, 0.535, 0.489]
[0.596, 0.702, 0.8498486045651376, 0.504, 0.0]
[0.603, 0.854, 0.7807285972733733, 0.649, 0.0]
[0.601, 0.871, 0.7819800608565759, 0.637, 0.0]
[0.603, 0.776, 0.7857420153559584, 0.665, 0.0]
[0.594, 0.755, 0.8261267858697217, 0.702, 0.0]
[0.602, 0.89, 0.7413171617428304, 0.74, 0.0]
[0.616, 0.915, 0.7685631986280383, 0.743, 0.488]
[0.611, 0.413, 0.836455178277273, 0.594, 0.0]
[0.614, 0.523, 0.7859920335269371, 0.514, 0.0]
[0.613, 0.697, 0.7429389980168695, 0.732, 0.0]
[0.616, 0.782, 0.8127891095832271, 0.609, 0.0]
[0.607, 0.711, 0.7718395343395343, 0.781, 0.0]
[0.611, 0.497, 0.8251736163504559, 0.506, 0.0]
[0.611, 0.724, 0.8401369041153988, 0.716, 0.489]
[0.606, 0.821, 0.7915129104246592, 0.745, 0.0]
[0.602, 0.804, 0.7682743041140825, 0.688, 0.0]
[0.616, 0.366, 0.7554376693766938, 0.716, 0.0]
[0.611, 0.656, 0.7883170220085174, 0.741, 0.0]
[0.609, 0.622, 0.7876535158812132, 0.614, 0.0]
[0.601, 0.655, 0.8149289710351084, 0.65, 0.0]
[0.609, 0.687, 0.7911934197247675, 0.741, 0.0]
[0.616, 0.679, 0.7762652363184079, 0.768, 0.488]
[0.606, 0.742, 0.788401970927366, 0.648, 0.0]
[0.595, 0.817, 0.8390628177310986, 0.661, 0.0]
[0.605, 0.896, 0.7682183888330232, 0.7, 0.0]
[0.61, 0.689, 0.8468601238755225, 0.665, 0.0]
[0.598, 0.791, 0.8189822475911186, 0.609, 0.0]
[0.599, 0.875, 0.7634577698747219, 0.673, 0.0]
[0.604, 0.823, 0.7337680191412131, 0.677, 0.0]
[0.603, 0.803, 0.8338387743702655, 0.675, 0.489]
[0.609, 0.629, 0.8010714713285974, 0.584, 0.0]
[0.61, 0.435, 0.8140065321670771, 0.584, 0.0]
[0.61, 0.694, 0.7874357546669208, 0.75, 0.0]
[0.605, 0.877, 0.7574484910496881, 0.755, 0.0]
[0.602, 0.785, 0.789965241413213, 0.72, 0.0]
[0.604, 0.667, 0.8315011285660776, 0.626, 0.0]
[0.603, 0.597, 0.7799600173678043, 0.709, 0.0]
[0.611, 0.85, 0.748100121219804, 0.605, 0.0]
[0.6, 0.793, 0.8106831448567601, 0.636, 0.0]
[0.606, 0.584, 0.8017301731962643, 0.642, 0.0]
[0.606, 0.542, 0.7891385046431059, 0.664, 0.0]
[0.6, 0.616, 0.8132949210414, 0.693, 0.0]
[0.601, 0.606, 0.7371680785656414, 0.636, 0.0]
[0.611, 0.843, 0.7766201844031693, 0.608, 0.0]
[0.611, 0.65, 0.7241958246002363, 0.738, 0.0]
[0.608, 0.618, 0.7963705274510902, 0.676, 0.0]
[0.613, 0.94, 0.7747059988794506, 0.614, 0.489]
[0.599, 0.636, 0.8365875489131172, 0.538, 0.0]
[0.595, 0.905, 0.6755109534017592, 0.645, 0.0]
[0.594, 0.743, 0.831495485388928, 0.661, 0.0]
[0.607, 0.851, 0.741336578676393, 0.723, 0.0]
[0.601, 0.788, 0.8225544923433806, 0.656, 0.0]
[0.607, 0.79, 0.7987860472666186, 0.755, 0.0]
[0.598, 0.848, 0.7766841046739765, 0.63, 0.0]
[0.597, 0.725, 0.8044869989149737, 0.734, 0.0]
[0.616, 0.499, 0.8218315458986192, 0.632, 0.488]
[0.615, 0.756, 0.8288548421960804, 0.532, 0.0]
[0.592, 0.657, 0.8120723509716047, 0.659, 0.0]
[0.601, 0.88, 0.8286263409120725, 0.63, 0.0]
[0.611, 0.608, 0.784740229937569, 0.557, 0.0]
[0.584, 0.543, 0.8529956738121995, 0.578, 0.0]
[0.605, 0.76, 0.802870865018406, 0.649, 0.0]
[0.603, 0.785, 0.7755300015988909, 0.637, 0.0]
[0.603, 0.854, 0.8415896445896446, 0.561, 0.0]
[0.603, 0.888, 0.7817440900845465, 0.756, 0.0]
[0.591, 0.653, 0.8795461016060832, 0.7, 0.0]
[0.609, 0.839, 0.8074461923053472, 0.631, 0.0]
[0.597, 0.803, 0.8390710393443543, 0.558, 0.0]
[0.568, 0.597, 0.8809715380405035, 0.348, 0.0]
[0.608, 0.838, 0.7617783117783118, 0.652, 0.0]
[0.606, 0.596, 0.7740267395217644, 0.738, 0.0]
[0.624, 0.717, 0.7973115038048276, 0.618, 0.488]
[0.602, 0.733, 0.78903750872876, 0.695, 0.0]
[0.6, 0.494, 0.8777087151504206, 0.625, 0.0]
[0.604, 0.844, 0.8188203194756347, 0.737, 0.0]
[0.614, 0.464, 0.7177151987180681, 0.74, 0.0]
[0.602, 0.731, 0.787768715277793, 0.725, 0.0]
[0.599, 0.735, 0.7610687221068446, 0.584, 0.0]
[0.599, 0.403, 0.8452686214496439, 0.59, 0.0]
[0.598, 0.727, 0.8442864723783249, 0.519, 0.0]
[0.613, 0.562, 0.8058134895659603, 0.712, 0.0]
[0.602, 0.873, 0.8365669221375236, 0.689, 0.489]
[0.611, 0.726, 0.7956747949274875, 0.657, 0.0]
[0.599, 0.425, 0.7877514563438763, 0.717, 0.0]
[0.605, 0.48, 0.8198971272016051, 0.62, 0.0]
[0.591, 0.66, 0.8077696550078929, 0.594, 0.0]
[0.606, 0.833, 0.7980697044868442, 0.66, 0.0]
[0.599, 0.637, 0.8531139764400848, 0.587, 0.0]
[0.607, 0.75, 0.8401103979727484, 0.644, 0.0]
[0.595, 0.776, 0.8035728958334429, 0.628, 0.0]
[0.621, 0.854, 0.7449318111082817, 0.71, 0.488]
[0.593, 0.58, 0.8022378299253541, 0.729, 0.0]
[0.602, 0.82, 0.7354242313030278, 0.686, 0.0]
[0.604, 0.497, 0.7319923843023742, 0.734, 0.0]
[0.606, 0.844, 0.786643622234814, 0.721, 0.0]
[0.605, 0.729, 0.7966747953687604, 0.604, 0.0]
[0.615, 0.652, 0.8043706375059716, 0.71, 0.0]
[0.609, 0.684, 0.7765543383699272, 0.666, 0.0]
[0.621, 0.717, 0.8240342328597048, 0.604, 0.488]
[0.601, 0.361, 0.7969036463111578, 0.648, 0.0]
[0.61, 0.734, 0.7738612966554144, 0.819, 0.489]
[0.602, 0.789, 0.8418811224045616, 0.498, 0.0]
[0.61, 0.644, 0.7498725034422871, 0.761, 0.0]
[0.607, 0.346, 0.8136871813948343, 0.583, 0.0]
[0.601, 0.726, 0.8172435445913259, 0.576, 0.0]
[0.609, 0.643, 0.8138917459970092, 0.721, 0.0]
[0.616, 0.401, 0.7657803482452898, 0.74, 0.0]
[0.611, 0.934, 0.7858078758641074, 0.548, 0.489]
[0.602, 0.885, 0.8130482377782609, 0.654, 0.0]
[0.607, 0.882, 0.7605464480874317, 0.714, 0.0]
[0.601, 0.823, 0.7907163816895978, 0.609, 0.0]
[0.611, 0.579, 0.7354756619989667, 0.75, 0.0]
[0.588, 0.643, 0.8777954029648944, 0.584, 0.0]
[0.602, 0.916, 0.8004126706158091, 0.566, 0.0]
[0.604, 0.717, 0.8076847036354079, 0.655, 0.0]
[0.603, 0.792, 0.8334886320017709, 0.745, 0.0]
[0.618, 0.493, 0.7658495887993895, 0.64, 0.0]
[0.598, 0.753, 0.776111554185158, 0.666, 0.0]
[0.613, 0.813, 0.7843306182121972, 0.712, 0.0]
[0.595, 0.846, 0.800759151326293, 0.683, 0.0]
[0.611, 0.89, 0.7847079761530937, 0.703, 0.0]
[0.616, 0.694, 0.7918961211297999, 0.682, 0.488]
[0.602, 0.805, 0.7678372066529962, 0.641, 0.0]
[0.607, 0.847, 0.7241679336329985, 0.704, 0.0]
[0.613, 0.36, 0.7374323582259907, 0.662, 0.0]
[0.611, 0.804, 0.7568068176138352, 0.689, 0.0]
[0.609, 0.505, 0.8259954956973729, 0.468, 0.0]
[0.602, 0.553, 0.79444778279064, 0.588, 0.0]
[0.606, 0.645, 0.7820269246851526, 0.545, 0.0]
[0.614, 0.691, 0.7935456873374191, 0.623, 0.0]
[0.602, 0.865, 0.7843674063872011, 0.525, 0.0]
[0.613, 0.734, 0.7591533417800358, 0.73, 0.0]
[0.609, 0.584, 0.798387026721294, 0.731, 0.0]
[0.603, 0.707, 0.8027747557094891, 0.655, 0.0]
[0.613, 0.715, 0.7919603402579893, 0.64, 0.0]
[0.606, 0.688, 0.7537381836776809, 0.687, 0.0]
[0.603, 0.909, 0.809938470304324, 0.546, 0.0]
[0.619, 0.629, 0.8071730545876887, 0.544, 0.0]
[0.618, 0.694, 0.7957973337049424, 0.612, 0.0]
[0.606, 0.77, 0.8080266803788351, 0.635, 0.0]
[0.609, 0.714, 0.7732338144156785, 0.758, 0.0]
[0.604, 0.696, 0.7159072629556031, 0.746, 0.0]
[0.609, 0.619, 0.7758847276265447, 0.645, 0.0]
[0.616, 0.65, 0.7704465603284871, 0.715, 0.0]
[0.606, 0.887, 0.7780599594697956, 0.601, 0.0]
[0.616, 0.439, 0.7949978602865605, 0.714, 0.488]
[0.618, 0.772, 0.7576649824267454, 0.756, 0.488]
[0.611, 0.876, 0.5870667030019486, 0.714, 0.0]
[0.603, 0.896, 0.7648420602018746, 0.724, 0.0]
[0.61, 0.799, 0.7641279776079902, 0.683, 0.0]
[0.602, 0.522, 0.8242526579128802, 0.681, 0.0]
[0.611, 0.71, 0.7634661470816017, 0.688, 0.0]
[0.595, 0.828, 0.8008221285581067, 0.624, 0.0]
[0.603, 0.743, 0.8281131153661103, 0.532, 0.0]
[0.599, 0.604, 0.8413819713359667, 0.664, 0.0]
[0.614, 0.743, 0.7098542958866074, 0.71, 0.0]
[0.614, 0.43, 0.8067504123716833, 0.576, 0.0]
[0.599, 0.626, 0.7726660639552263, 0.711, 0.0]
[0.595, 0.889, 0.7242571348788863, 0.709, 0.0]
[0.609, 0.665, 0.7868220085091142, 0.731, 0.0]
[0.595, 0.795, 0.7891276362274549, 0.595, 0.0]
[0.612, 0.683, 0.7657669749792773, 0.752, 0.0]
[0.595, 0.56, 0.7908734224564142, 0.78, 0.0]
[0.607, 0.924, 0.7085990820229355, 0.762, 0.0]
[0.622, 0.623, 0.7692091310462261, 0.619, 0.488]
[0.612, 0.909, 0.7238197832541902, 0.762, 0.0]
[0.61, 0.441, 0.8499507506623091, 0.572, 0.0]
[0.616, 0.838, 0.7083875846375846, 0.708, 0.0]
[0.609, 0.788, 0.7917814497625966, 0.656, 0.0]
[0.608, 0.846, 0.759207521276608, 0.684, 0.0]
[0.609, 0.756, 0.7473041451448769, 0.707, 0.0]
[0.602, 0.698, 0.8180868792927352, 0.57, 0.0]
[0.605, 0.838, 0.7872841790109273, 0.587, 0.0]
[0.611, 0.871, 0.6865241767222054, 0.73, 0.0]
[0.59, 0.629, 0.7928604939364433, 0.685, 0.0]
[0.601, 0.717, 0.7302081817446844, 0.707, 0.0]
[0.604, 0.634, 0.7208338168991182, 0.687, 0.0]
[0.608, 0.664, 0.8113109354413701, 0.637, 0.0]
[0.604, 0.858, 0.8046203995870884, 0.577, 0.0]
[0.606, 0.934, 0.7729507985236401, 0.753, 0.489]
[0.613, 0.798, 0.7101670137771832, 0.766, 0.489]
[0.603, 0.709, 0.8355683924254634, 0.553, 0.0]
[0.605, 0.295, 0.8345577596398615, 0.487, 0.0]
[0.577, 0.516, 0.8881309041835358, 0.404, 0.0]
[0.614, 0.853, 0.7809072858982116, 0.703, 0.0]
[0.607, 0.846, 0.7786782208528751, 0.493, 0.0]
[0.602, 0.815, 0.7779900775829822, 0.598, 0.0]
[0.612, 0.646, 0.8155583822098431, 0.533, 0.0]
[0.611, 0.535, 0.7447935679683505, 0.739, 0.0]
[0.596, 0.585, 0.7335420647781732, 0.741, 0.0]
[0.61, 0.912, 0.7658242045557502, 0.655, 0.0]
[0.605, 0.797, 0.8219639245927111, 0.639, 0.0]
[0.602, 0.656, 0.8185264181743196, 0.503, 0.0]
[0.601, 0.645, 0.8356939271154697, 0.525, 0.0]
[0.608, 0.593, 0.7648694779116466, 0.654, 0.0]
[0.609, 0.761, 0.7419268995971644, 0.664, 0.0]
[0.611, 0.639, 0.7940642623181693, 0.614, 0.0]
[0.607, 0.552, 0.8317378111769425, 0.597, 0.0]
[0.611, 0.578, 0.8102705979466542, 0.746, 0.489]
[0.619, 0.46, 0.8032054003904661, 0.694, 0.488]
[0.598, 0.754, 0.7687770562770563, 0.732, 0.0]
[0.606, 0.581, 0.7555759214947098, 0.701, 0.0]
[0.618, 0.524, 0.7620397207435896, 0.515, 0.0]
[0.612, 0.8, 0.7694140007683602, 0.616, 0.0]
[0.614, 0.911, 0.7572026276827886, 0.781, 0.489]
[0.615, 0.342, 0.7758299125021849, 0.707, 0.0]
[0.596, 0.359, 0.7865009909151718, 0.53, 0.0]
[0.605, 0.74, 0.7844423898559929, 0.642, 0.0]
[0.608, 0.587, 0.7730261672407195, 0.76, 0.0]
[0.598, 0.717, 0.805106068391803, 0.702, 0.0]
[0.604, 0.766, 0.8200300236616002, 0.469, 0.0]
[0.607, 0.833, 0.7836464218321925, 0.781, 0.0]
[0.612, 0.465, 0.8019519197023302, 0.633, 0.0]
[0.614, 0.852, 0.7616261118663066, 0.624, 0.0]
[0.606, 0.812, 0.8000209656161825, 0.592, 0.0]
[0.616, 0.252, 0.8182830561669521, 0.622, 0.0]
[0.602, 0.794, 0.8067627829077744, 0.616, 0.0]
[0.617, 0.63, 0.8171104860780292, 0.657, 0.488]
[0.606, 0.86, 0.8037518037518038, 0.624, 0.0]
[0.602, 0.502, 0.8293898342388419, 0.687, 0.0]
[0.591, 0.656, 0.8922264162861334, 0.397, 0.0]
[0.597, 0.58, 0.8069551103111561, 0.485, 0.0]
[0.589, 0.548, 0.9044538900930027, 0.393, 0.0]
[0.601, 0.351, 0.7481405764047274, 0.452, 0.0]
[0.616, 0.362, 0.8335155620870922, 0.424, 0.0]
[0.609, 0.385, 0.7409426376093042, 0.478, 0.0]
[0.592, 0.061, 0.9050159690422512, 0.383, 0.0]
[0.598, 0.066, 0.6339118728247437, 0.487, 0.0]
[0.61, 0.323, 0.8083373836262155, 0.669, 0.0]
[0.599, 0.6, 0.7736463480814333, 0.725, 0.0]
[0.613, 0.506, 0.7765553147180075, 0.732, 0.0]
[0.598, 0.574, 0.7746736729016879, 0.695, 0.0]
[0.611, 0.601, 0.8164697569319048, 0.753, 0.489]
[0.609, 0.573, 0.7783842334308884, 0.731, 0.0]
[0.601, 0.627, 0.7580830550714142, 0.68, 0.0]
[0.612, 0.703, 0.816998305879542, 0.711, 0.489]
[0.616, 0.444, 0.7823901508953055, 0.509, 0.0]
[0.606, 0.621, 0.7807302582474996, 0.742, 0.0]
[0.602, 0.576, 0.7998681245488768, 0.658, 0.0]
[0.602, 0.599, 0.6790373933584654, 0.736, 0.0]
[0.601, 0.685, 0.8435693789027122, 0.561, 0.0]
[0.595, 0.471, 0.7976601231452028, 0.641, 0.0]
[0.616, 0.537, 0.7999147804931387, 0.594, 0.0]
[0.606, 0.389, 0.7628464407465705, 0.47, 0.0]
[0.597, 0.284, 0.7659645059745992, 0.689, 0.0]
[0.61, 0.907, 0.8215318826794236, 0.703, 0.0]
[0.609, 0.493, 0.804426873348228, 0.678, 0.0]
[0.602, 0.795, 0.7948295606664301, 0.734, 0.0]
[0.604, 0.33, 0.7839897041190516, 0.721, 0.0]
[0.603, 0.826, 0.8176279849201525, 0.605, 0.0]
[0.612, 0.736, 0.7710790184311735, 0.677, 0.0]
[0.606, 0.213, 0.817200357621438, 0.563, 0.0]
[0.6, 0.514, 0.843742826108971, 0.433, 0.0]
[0.59, 0.551, 0.830486232008232, 0.472, 0.0]
[0.606, 0.795, 0.7884384603086168, 0.624, 0.0]
[0.605, 0.787, 0.8417016570141571, 0.641, 0.489]
[0.606, 0.574, 0.7678082808609124, 0.716, 0.0]
[0.596, 0.803, 0.8116699551337628, 0.601, 0.0]
[0.612, 0.656, 0.7716124948343258, 0.664, 0.0]
[0.61, 0.474, 0.7768261621588526, 0.699, 0.0]
[0.599, 0.787, 0.7591231790521851, 0.671, 0.0]
[0.592, 0.796, 0.7891726403377912, 0.664, 0.0]
[0.612, 0.442, 0.7243600350743207, 0.756, 0.0]
[0.606, 0.811, 0.7297408548872721, 0.658, 0.0]
[0.606, 0.84, 0.8178891787712312, 0.58, 0.0]
[0.602, 0.517, 0.7508917380949705, 0.675, 0.0]
[0.61, 0.671, 0.6925366891709845, 0.71, 0.0]
[0.611, 0.789, 0.7523977189117016, 0.729, 0.0]
[0.602, 0.407, 0.8012393211729392, 0.532, 0.0]
[0.6, 0.46, 0.824261081955877, 0.608, 0.0]
[0.608, 0.39, 0.7520664227413454, 0.727, 0.0]
[0.603, 0.857, 0.7816401589338376, 0.657, 0.0]
[0.613, 0.859, 0.7854106486535328, 0.627, 0.0]
[0.6, 0.649, 0.766814016576952, 0.643, 0.0]
[0.597, 0.572, 0.7908936884604294, 0.536, 0.0]
[0.597, 0.51, 0.7804444285748292, 0.707, 0.0]
[0.605, 0.765, 0.778217985397133, 0.632, 0.0]
[0.599, 0.399, 0.8086784132212936, 0.727, 0.0]
[0.611, 0.267, 0.7142814679134935, 0.693, 0.0]
[0.604, 0.639, 0.7606037333515782, 0.71, 0.0]
[0.612, 0.647, 0.7494541133451986, 0.735, 0.0]
[0.603, 0.816, 0.810258064516129, 0.664, 0.0]
[0.597, 0.439, 0.8265925257133167, 0.59, 0.0]
[0.609, 0.384, 0.7594415982460945, 0.681, 0.0]
[0.608, 0.745, 0.771229351951183, 0.702, 0.0]
[0.602, 0.298, 0.8504255630906838, 0.442, 0.0]
[0.607, 0.535, 0.761092313309695, 0.746, 0.0]
[0.609, 0.911, 0.8248187708549386, 0.663, 0.0]
[0.614, 0.448, 0.6435177565475255, 0.682, 0.0]
[0.6, 0.528, 0.7936275440976934, 0.623, 0.0]
[0.612, 0.642, 0.8155399576736277, 0.636, 0.0]
[0.618, 0.401, 0.7741869639835613, 0.742, 0.488]
[0.607, 0.561, 0.8114449545004894, 0.507, 0.0]
[0.613, 0.882, 0.7902771583013921, 0.648, 0.0]
[0.611, 0.782, 0.6807781831882349, 0.651, 0.0]
[0.607, 0.626, 0.7309192139654178, 0.587, 0.0]
[0.616, 0.447, 0.78650730848492, 0.675, 0.0]
[0.606, 0.915, 0.7783798576902026, 0.733, 0.0]
[0.611, 0.838, 0.7959017635223102, 0.579, 0.0]
[0.602, 0.39, 0.7800789966846147, 0.516, 0.0]
[0.605, 0.645, 0.7269775426226113, 0.67, 0.0]
[0.609, 0.548, 0.74370305814979, 0.68, 0.0]
[0.606, 0.626, 0.8035065471819303, 0.58, 0.0]
[0.602, 0.619, 0.815886922850019, 0.566, 0.0]
[0.611, 0.464, 0.7508529168119986, 0.739, 0.0]
[0.601, 0.622, 0.8002528635865742, 0.666, 0.0]
[0.592, 0.3, 0.8756012115176, 0.507, 0.0]
[0.599, 0.669, 0.7809462684038083, 0.718, 0.0]
[0.627, 0.404, 0.7747673849149763, 0.502, 0.488]
[0.614, 0.375, 0.7425165287529307, 0.722, 0.0]
[0.617, 0.369, 0.7927328773512423, 0.569, 0.0]
[0.601, 0.679, 0.7825495936342324, 0.609, 0.0]
[0.605, 0.459, 0.7010497866021888, 0.498, 0.0]
[0.587, 0.591, 0.7807680985053482, 0.632, 0.0]
[0.597, 0.407, 0.7005140697541874, 0.726, 0.0]
[0.617, 0.465, 0.7349037220961809, 0.709, 0.0]
[0.605, 0.818, 0.7702906711541889, 0.675, 0.0]
[0.594, 0.476, 0.7802912880657241, 0.682, 0.0]
[0.611, 0.641, 0.694925548987619, 0.768, 0.0]
[0.602, 0.41, 0.7359040959040959, 0.491, 0.0]
[0.608, 0.811, 0.7260696638994665, 0.632, 0.0]
[0.61, 0.709, 0.7548197682459515, 0.712, 0.0]
[0.606, 0.475, 0.7579554536284476, 0.698, 0.0]
[0.612, 0.709, 0.779111505025615, 0.694, 0.0]
[0.602, 0.702, 0.7487417561710947, 0.639, 0.0]
[0.608, 0.606, 0.64416459970719, 0.735, 0.0]
[0.612, 0.527, 0.7366306659887265, 0.751, 0.0]
[0.592, 0.812, 0.8091039793079535, 0.711, 0.0]
[0.615, 0.912, 0.764688323045821, 0.654, 0.0]
[0.609, 0.819, 0.7624950416042897, 0.618, 0.0]
[0.601, 0.682, 0.8275780677484925, 0.579, 0.0]
[0.59, 0.537, 0.8521948633116845, 0.499, 0.0]
[0.59, 0.443, 0.8172457218519167, 0.656, 0.0]
[0.604, 0.423, 0.666775273244276, 0.61, 0.0]
[0.601, 0.456, 0.8422715033120862, 0.531, 0.0]
[0.618, 0.92, 0.7634097605424974, 0.745, 0.488]
[0.611, 0.848, 0.7361244786926531, 0.691, 0.0]
[0.6, 0.715, 0.7771488401519361, 0.644, 0.0]
[0.607, 0.576, 0.7719973341202987, 0.694, 0.0]
[0.609, 0.588, 0.7776134278860458, 0.62, 0.0]
[0.603, 0.386, 0.7723233077816222, 0.584, 0.0]
[0.606, 0.472, 0.7826311079987551, 0.666, 0.0]
[0.606, 0.54, 0.8030839002267574, 0.62, 0.0]
[0.605, 0.81, 0.752751160096801, 0.64, 0.0]
[0.598, 0.468, 0.7540894617367262, 0.614, 0.0]
[0.606, 0.809, 0.7254457310166751, 0.65, 0.0]
[0.609, 0.906, 0.7623953358797515, 0.596, 0.0]
[0.617, 0.347, 0.734295097872472, 0.72, 0.0]
[0.618, 0.354, 0.7552502890962349, 0.676, 0.0]
[0.611, 0.613, 0.7823232684577444, 0.579, 0.0]
[0.617, 0.508, 0.7278292442906105, 0.761, 0.488]
[0.614, 0.927, 0.7665208114518365, 0.675, 0.0]
[0.625, 0.319, 0.7738843815620198, 0.669, 0.0]
[0.607, 0.497, 0.7921518475078865, 0.518, 0.0]
[0.595, 0.196, 0.7442941364663074, 0.674, 0.0]
[0.618, 0.221, 0.7498470102520312, 0.713, 0.0]
[0.605, 0.382, 0.7517068302322248, 0.69, 0.0]
[0.602, 0.698, 0.7841046678718768, 0.557, 0.0]
[0.596, 0.437, 0.8140376684155184, 0.645, 0.0]
[0.583, 0.287, 0.8574309266051552, 0.584, 0.0]
[0.611, 0.581, 0.6500162438284139, 0.68, 0.0]
[0.588, 0.651, 0.7408672808672808, 0.718, 0.0]
[0.602, 0.6, 0.7818072898037224, 0.712, 0.0]
[0.606, 0.47, 0.7249594414018514, 0.612, 0.0]
[0.591, 0.357, 0.7469531116794544, 0.635, 0.0]
[0.618, 0.726, 0.7189150732740084, 0.622, 0.0]
[0.602, 0.757, 0.8442973590336087, 0.518, 0.0]
[0.61, 0.872, 0.7927932005514575, 0.572, 0.0]
[0.605, 0.641, 0.8212366206821852, 0.534, 0.0]
[0.607, 0.529, 0.7441788514942512, 0.639, 0.0]
[0.599, 0.395, 0.7231022587610731, 0.686, 0.0]
[0.607, 0.356, 0.7093765524093394, 0.735, 0.0]
[0.602, 0.63, 0.7845544284393865, 0.697, 0.0]
[0.607, 0.651, 0.7077175888816438, 0.767, 0.0]
[0.604, 0.521, 0.7005127759268662, 0.747, 0.0]
[0.589, 0.53, 0.7609895798231527, 0.679, 0.0]
[0.601, 0.66, 0.8128007372451228, 0.528, 0.0]
[0.587, 0.549, 0.8813059789996884, 0.351, 0.0]
[0.614, 0.601, 0.7676075700615175, 0.732, 0.0]
[0.595, 0.539, 0.7668511189942079, 0.709, 0.0]
[0.587, 0.452, 0.8377181429513445, 0.402, 0.0]
[0.609, 0.878, 0.7627745835176175, 0.646, 0.0]
[0.616, 0.354, 0.782485707431279, 0.696, 0.0]
[0.593, 0.405, 0.847578522958107, 0.538, 0.0]
[0.621, 0.331, 0.7160627796869785, 0.629, 0.0]
[0.602, 0.422, 0.7642795259983513, 0.678, 0.0]
[0.592, 0.464, 0.8731847648319423, 0.312, 0.0]
[0.613, 0.739, 0.815345484208176, 0.592, 0.0]
[0.623, 0.784, 0.801639269965148, 0.568, 0.488]
[0.609, 0.299, 0.8134542101091398, 0.562, 0.0]
[0.611, 0.907, 0.7224062532214157, 0.685, 0.0]
[0.618, 0.401, 0.7966233610403999, 0.565, 0.0]
[0.614, 0.793, 0.831273463269732, 0.627, 0.489]
[0.614, 0.329, 0.7511567892201694, 0.708, 0.0]
[0.617, 0.312, 0.7825906376257182, 0.698, 0.0]
[0.605, 0.783, 0.7393602756392357, 0.667, 0.0]
[0.61, 0.551, 0.7791829966926845, 0.702, 0.0]
[0.606, 0.769, 0.7797226111170903, 0.66, 0.0]
[0.611, 0.527, 0.8069546537212681, 0.62, 0.0]
[0.606, 0.754, 0.7421103545854513, 0.7, 0.0]
[0.613, 0.544, 0.6702932596679743, 0.584, 0.0]
[0.59, 0.728, 0.7930164671475496, 0.723, 0.0]
[0.596, 0.683, 0.8122902536578176, 0.671, 0.0]
[0.602, 0.941, 0.76376593610126, 0.718, 0.489]
[0.606, 0.784, 0.8034280552197817, 0.631, 0.0]
[0.61, 0.848, 0.7514474727150784, 0.603, 0.0]
[0.61, 0.527, 0.7502467697769672, 0.732, 0.0]
[0.595, 0.728, 0.8025406839590519, 0.584, 0.0]
[0.617, 0.861, 0.7506632512104614, 0.735, 0.0]
[0.611, 0.289, 0.815555368945147, 0.644, 0.0]
[0.606, 0.54, 0.8559174178393906, 0.653, 0.489]
[0.587, 0.636, 0.7914695012955293, 0.638, 0.0]
[0.611, 0.846, 0.7812431573802542, 0.717, 0.0]
[0.603, 0.835, 0.7641514749659635, 0.706, 0.0]
[0.615, 0.833, 0.7428962189673498, 0.709, 0.0]
[0.611, 0.346, 0.7844920967495594, 0.717, 0.0]
[0.614, 0.734, 0.7560362554112554, 0.601, 0.0]
[0.609, 0.6, 0.7351722748020095, 0.768, 0.0]
[0.617, 0.522, 0.718801161251859, 0.717, 0.0]
[0.612, 0.507, 0.7749147134682985, 0.704, 0.0]
[0.616, 0.486, 0.7453003517619784, 0.718, 0.0]
[0.609, 0.618, 0.7994542166694065, 0.592, 0.0]
[0.611, 0.578, 0.7176479435128912, 0.625, 0.0]
[0.598, 0.731, 0.762887179772058, 0.625, 0.0]
[0.616, 0.499, 0.7091485892894791, 0.677, 0.0]
[0.604, 0.649, 0.7642067466746234, 0.688, 0.0]
[0.603, 0.678, 0.8384322308496864, 0.539, 0.0]
[0.602, 0.469, 0.7951417305700583, 0.614, 0.0]
[0.608, 0.429, 0.7183646301636206, 0.695, 0.0]
[0.603, 0.542, 0.7543476456453151, 0.646, 0.0]
[0.585, 0.566, 0.8358203386988599, 0.613, 0.0]
[0.606, 0.298, 0.7675834567444156, 0.541, 0.0]
[0.609, 0.63, 0.7486105829654217, 0.723, 0.0]
[0.618, 0.571, 0.755476326832354, 0.669, 0.488]
[0.598, 0.216, 0.783415317217923, 0.586, 0.0]
[0.611, 0.569, 0.7525010192433137, 0.683, 0.0]
[0.614, 0.456, 0.8002395357451537, 0.584, 0.0]
[0.599, 0.756, 0.8142697813511128, 0.692, 0.0]
[0.604, 0.896, 0.7728254712474777, 0.671, 0.0]
[0.61, 0.611, 0.7996908640898839, 0.586, 0.0]
[0.616, 0.755, 0.7835813967005631, 0.588, 0.0]
[0.616, 0.418, 0.7698015758097102, 0.707, 0.0]
[0.602, 0.667, 0.8514867993385413, 0.601, 0.0]
[0.585, 0.401, 0.811299016772701, 0.625, 0.0]
[0.598, 0.21, 0.8685120238672719, 0.452, 0.0]
[0.597, 0.423, 0.7450195175195176, 0.48, 0.0]
[0.598, 0.745, 0.7817332769096743, 0.72, 0.0]
[0.613, 0.648, 0.7129399602349383, 0.76, 0.0]
[0.612, 0.563, 0.7759988860887398, 0.662, 0.0]
[0.607, 0.911, 0.7905521984594244, 0.695, 0.0]
[0.609, 0.817, 0.821769223188644, 0.47, 0.0]
[0.617, 0.813, 0.7482779066576866, 0.557, 0.0]
[0.595, 0.301, 0.8421113686453798, 0.57, 0.0]
[0.597, 0.402, 0.7637934628202485, 0.484, 0.0]
[0.608, 0.549, 0.7712014263218461, 0.717, 0.0]
[0.592, 0.374, 0.7133600079114943, 0.675, 0.0]
[0.613, 0.465, 0.7685055301567381, 0.691, 0.0]
[0.614, 0.73, 0.7891952983725137, 0.669, 0.0]
[0.6, 0.671, 0.7183494870481502, 0.682, 0.0]
[0.611, 0.525, 0.792083143716402, 0.677, 0.0]
[0.615, 0.56, 0.7479977762023918, 0.733, 0.0]
[0.604, 0.641, 0.7966028226776929, 0.581, 0.0]
[0.606, 0.651, 0.7759671690036676, 0.649, 0.0]
[0.613, 0.66, 0.7965095826060415, 0.735, 0.0]
[0.601, 0.469, 0.7525882962213752, 0.705, 0.0]
[0.611, 0.56, 0.7411490651785895, 0.74, 0.0]
[0.617, 0.309, 0.7252288442825527, 0.724, 0.0]
[0.591, 0.298, 0.7595819280260023, 0.671, 0.0]
[0.609, 0.827, 0.7958364618745974, 0.697, 0.0]
[0.605, 0.62, 0.7030557835979259, 0.689, 0.0]
[0.614, 0.223, 0.7716948950918878, 0.738, 0.0]
[0.597, 0.659, 0.8621070611734, 0.509, 0.0]
[0.595, 0.476, 0.7645337341649093, 0.684, 0.0]
[0.61, 0.487, 0.7352879865737411, 0.721, 0.0]
[0.595, 0.743, 0.8007790663098424, 0.673, 0.0]
[0.605, 0.632, 0.7288103703978, 0.63, 0.0]
[0.608, 0.605, 0.7653952021226686, 0.749, 0.0]
[0.612, 0.446, 0.7068500948766604, 0.737, 0.0]
[0.612, 0.539, 0.7148405277123256, 0.695, 0.0]
[0.6, 0.7, 0.7827949834642858, 0.594, 0.0]
[0.605, 0.636, 0.8005464747436137, 0.632, 0.0]
[0.592, 0.325, 0.804610319502935, 0.642, 0.0]
[0.595, 0.599, 0.8087785235025011, 0.575, 0.0]
[0.595, 0.709, 0.7928360794801013, 0.655, 0.0]
[0.595, 0.502, 0.8233411398924324, 0.559, 0.0]
[0.595, 0.699, 0.8088894053115565, 0.61, 0.0]
[0.606, 0.79, 0.7838063652136291, 0.666, 0.0]
[0.608, 0.645, 0.7158923834329629, 0.759, 0.0]
[0.601, 0.83, 0.7460449060616443, 0.62, 0.0]
[0.591, 0.437, 0.7599228868099066, 0.708, 0.0]
[0.609, 0.871, 0.7969239367830916, 0.737, 0.0]
[0.6, 0.612, 0.8111242847434261, 0.513, 0.0]
[0.611, 0.626, 0.7800569015130419, 0.729, 0.0]
[0.618, 0.509, 0.7967866633033642, 0.734, 0.488]
[0.606, 0.259, 0.7875844668548259, 0.626, 0.0]
[0.593, 0.62, 0.8492947215117932, 0.459, 0.0]
[0.607, 0.575, 0.8258939084344028, 0.576, 0.0]
[0.613, 0.686, 0.7609000900109267, 0.727, 0.0]
[0.606, 0.89, 0.7961991950701628, 0.673, 0.0]
[0.625, 0.394, 0.7705724665777012, 0.699, 0.0]
[0.601, 0.238, 0.8090577355074229, 0.542, 0.0]
[0.584, 0.236, 0.7510863596717813, 0.413, 0.0]
[0.599, 0.146, 0.6984425023412667, 0.344, 0.0]
[0.614, 0.707, 0.821578319858269, 0.595, 0.0]
[0.599, 0.399, 0.7894826056098694, 0.679, 0.0]
[0.587, 0.5, 0.833418273550349, 0.607, 0.0]
[0.587, 0.261, 0.8499040040419351, 0.511, 0.0]
[0.606, 0.187, 0.7928041909706861, 0.557, 0.0]
[0.599, 0.354, 0.8050603609538125, 0.624, 0.0]
[0.604, 0.228, 0.7630178104371652, 0.643, 0.0]
[0.584, 0.253, 0.7723879459208094, 0.488, 0.0]
[0.619, 0.751, 0.749622331518454, 0.716, 0.488]
[0.614, 0.866, 0.8294309954293573, 0.599, 0.489]
[0.603, 0.834, 0.8270855836775035, 0.636, 0.0]
[0.58, 0.509, 0.7806218179095538, 0.631, 0.0]
[0.609, 0.466, 0.7579456654456654, 0.754, 0.0]
[0.602, 0.717, 0.8361959965614096, 0.501, 0.0]
[0.591, 0.417, 0.7855221216744313, 0.671, 0.0]
[0.593, 0.466, 0.859997581035317, 0.611, 0.0]
[0.606, 0.818, 0.8122868368901961, 0.701, 0.0]
[0.603, 0.826, 0.8192088346436173, 0.606, 0.0]
[0.601, 0.717, 0.8087924082049467, 0.663, 0.0]
[0.615, 0.852, 0.7889050000942583, 0.61, 0.0]
[0.595, 0.809, 0.7932013207603045, 0.618, 0.0]
[0.606, 0.842, 0.8255694243036015, 0.712, 0.0]
[0.608, 0.722, 0.870404550548125, 0.595, 0.489]
[0.606, 0.462, 0.7949564354727399, 0.656, 0.0]
[0.613, 0.355, 0.7787997084647285, 0.649, 0.0]
[0.598, 0.315, 0.8085859070633009, 0.552, 0.0]
[0.595, 0.433, 0.8060460946391499, 0.538, 0.0]
[0.599, 0.608, 0.8260019933914379, 0.628, 0.0]
[0.603, 0.641, 0.8025912442656846, 0.606, 0.0]
[0.608, 0.818, 0.7543600552907563, 0.588, 0.0]
[0.599, 0.518, 0.8137962826095895, 0.534, 0.0]
[0.59, 0.353, 0.8363028786946815, 0.553, 0.0]
[0.592, 0.251, 0.8020707414874987, 0.444, 0.0]
[0.594, 0.489, 0.8072269949370233, 0.409, 0.0]
[0.599, 0.46, 0.8200550179088577, 0.458, 0.0]
[0.596, 0.58, 0.7913613127722552, 0.578, 0.0]
[0.609, 0.529, 0.7669762369394948, 0.629, 0.0]
[0.599, 0.595, 0.8191383616383616, 0.685, 0.0]
[0.587, 0.743, 0.7860468197040723, 0.667, 0.0]
[0.615, 0.43, 0.7706318907083153, 0.645, 0.0]
[0.596, 0.771, 0.8305577840397438, 0.572, 0.0]
[0.599, 0.48, 0.8373300857637027, 0.531, 0.0]
[0.609, 0.741, 0.7997822763654607, 0.736, 0.0]
[0.595, 0.307, 0.8352383735493029, 0.615, 0.0]
[0.606, 0.476, 0.7513642514920664, 0.696, 0.0]
[0.592, 0.387, 0.7978138139694744, 0.61, 0.0]
[0.614, 0.284, 0.8152400995719327, 0.616, 0.0]
[0.601, 0.783, 0.826574689541896, 0.715, 0.0]
[0.603, 0.849, 0.7213757507507508, 0.719, 0.0]
[0.575, 0.54, 0.8465245977409082, 0.526, 0.0]
[0.584, 0.506, 0.8585203011825493, 0.472, 0.0]
[0.604, 0.658, 0.8544717807421192, 0.457, 0.0]
[0.589, 0.622, 0.8143229257514971, 0.583, 0.0]
[0.602, 0.33, 0.7960643667821672, 0.668, 0.0]
[0.605, 0.789, 0.7530833658600052, 0.64, 0.0]
[0.587, 0.342, 0.878700692321463, 0.454, 0.0]
[0.596, 0.367, 0.8260838159947237, 0.454, 0.0]
[0.609, 0.927, 0.7243871936112259, 0.705, 0.0]
[0.605, 0.779, 0.8035623866453185, 0.594, 0.0]
[0.606, 0.867, 0.7314989465945898, 0.733, 0.0]
[0.609, 0.686, 0.7800301401922991, 0.558, 0.0]
[0.605, 0.575, 0.7776561858415354, 0.525, 0.0]
[0.612, 0.495, 0.7845184041415473, 0.73, 0.0]
[0.59, 0.403, 0.8690547494774414, 0.569, 0.0]
[0.606, 0.629, 0.8462099092340276, 0.672, 0.0]
[0.595, 0.814, 0.8176725455415987, 0.638, 0.0]
[0.598, 0.679, 0.8143561782273454, 0.573, 0.0]
[0.603, 0.644, 0.8058673301128443, 0.654, 0.0]
[0.609, 0.569, 0.7283868174279133, 0.651, 0.0]
[0.596, 0.365, 0.807556554044538, 0.463, 0.0]
[0.618, 0.437, 0.8122627345967857, 0.473, 0.0]
[0.602, 0.634, 0.7938253574477165, 0.516, 0.0]
[0.602, 0.615, 0.8112609326540137, 0.531, 0.0]
[0.606, 0.354, 0.8163608373501292, 0.516, 0.0]
[0.595, 0.38, 0.8060029577590468, 0.43, 0.0]
[0.605, 0.761, 0.7778123329455049, 0.733, 0.0]
[0.611, 0.65, 0.7756313556187022, 0.638, 0.0]
[0.611, 0.442, 0.7971697548936332, 0.658, 0.0]
[0.597, 0.586, 0.8362704326638752, 0.414, 0.0]
[0.602, 0.387, 0.780517587816286, 0.631, 0.0]
[0.597, 0.648, 0.819662146046102, 0.51, 0.0]
[0.603, 0.784, 0.8207641557921841, 0.485, 0.0]
[0.595, 0.494, 0.8240364553131092, 0.56, 0.0]
[0.605, 0.813, 0.8067639658839486, 0.638, 0.0]
[0.616, 0.769, 0.7549352325169811, 0.72, 0.0]
[0.586, 0.375, 0.8692225163008096, 0.487, 0.0]
[0.61, 0.405, 0.8205066049862768, 0.537, 0.0]
[0.607, 0.737, 0.8077327771722023, 0.664, 0.0]
[0.602, 0.477, 0.8227478502974834, 0.699, 0.0]
[0.609, 0.619, 0.8128409119201233, 0.7, 0.0]
[0.589, 0.072, 0.8625568632327295, 0.336, 0.0]
[0.614, 0.482, 0.8188436889907478, 0.588, 0.0]
[0.596, 0.808, 0.7881752537180169, 0.625, 0.0]
[0.612, 0.548, 0.6735219533167793, 0.622, 0.0]
[0.598, 0.841, 0.7209678970969293, 0.59, 0.0]
[0.597, 0.754, 0.785214686243588, 0.693, 0.0]
[0.607, 0.717, 0.7374917547444183, 0.656, 0.0]
[0.597, 0.171, 0.8201251326943686, 0.477, 0.0]
[0.618, 0.624, 0.8085392992281186, 0.713, 0.488]
[0.615, 0.52, 0.7492463657961553, 0.782, 0.489]
[0.607, 0.845, 0.7775441853736589, 0.663, 0.0]
[0.608, 0.725, 0.8064802442479337, 0.675, 0.0]
[0.606, 0.85, 0.7710035162788349, 0.689, 0.0]
[0.606, 0.921, 0.7897428902999222, 0.714, 0.0]
[0.595, 0.519, 0.8799704830052004, 0.47, 0.0]
[0.604, 0.693, 0.8089096516406299, 0.673, 0.0]
[0.599, 0.458, 0.7862027255130704, 0.593, 0.0]
[0.609, 0.728, 0.7734345546281631, 0.807, 0.0]
[0.603, 0.844, 0.7630539179469448, 0.627, 0.0]
[0.602, 0.834, 0.7652906777890554, 0.73, 0.0]
[0.598, 0.246, 0.8176045079128056, 0.44, 0.0]
[0.595, 0.332, 0.8845971080103812, 0.495, 0.0]
[0.603, 0.674, 0.7884905867800605, 0.65, 0.0]
[0.603, 0.763, 0.7992331203222571, 0.593, 0.0]
[0.608, 0.649, 0.7908172023676774, 0.623, 0.0]
[0.603, 0.859, 0.777124166548719, 0.739, 0.0]
[0.602, 0.825, 0.8063073702667272, 0.634, 0.0]
[0.613, 0.853, 0.8257147098039348, 0.506, 0.0]
[0.611, 0.911, 0.7978833399206757, 0.55, 0.0]
[0.597, 0.565, 0.8669445591576881, 0.573, 0.0]
[0.609, 0.763, 0.8002202492343338, 0.632, 0.0]
[0.607, 0.608, 0.7903069814167758, 0.664, 0.0]
[0.606, 0.642, 0.7701257846133622, 0.645, 0.0]
[0.61, 0.886, 0.791533754896188, 0.677, 0.0]
[0.595, 0.392, 0.8039958032118595, 0.67, 0.0]
[0.603, 0.499, 0.7440038950497624, 0.611, 0.0]
[0.599, 0.738, 0.8185769259825314, 0.598, 0.0]
[0.598, 0.379, 0.7686337780868653, 0.718, 0.0]
[0.602, 0.384, 0.8156341560087126, 0.567, 0.0]
[0.596, 0.206, 0.7775010222151624, 0.535, 0.0]
[0.603, 0.626, 0.8299182497593667, 0.55, 0.0]
[0.611, 0.591, 0.7992697067853141, 0.692, 0.0]
[0.616, 0.482, 0.7559314552406657, 0.722, 0.0]
[0.618, 0.622, 0.7591851325997667, 0.738, 0.488]
[0.583, 0.625, 0.8683890269229476, 0.606, 0.0]
[0.611, 0.668, 0.8287154175815742, 0.45, 0.0]
[0.597, 0.875, 0.8006759225429303, 0.663, 0.0]
[0.602, 0.81, 0.7792928511903218, 0.697, 0.0]
[0.611, 0.785, 0.8166031399959321, 0.627, 0.0]
[0.593, 0.61, 0.7823470848431642, 0.573, 0.0]
[0.594, 0.592, 0.7247833870390261, 0.625, 0.0]
[0.603, 0.653, 0.7603617190762569, 0.751, 0.0]
[0.605, 0.673, 0.7981432722815341, 0.686, 0.0]
[0.611, 0.833, 0.7714882661087594, 0.694, 0.0]
[0.589, 0.352, 0.8192023717309829, 0.629, 0.0]
[0.605, 0.446, 0.7920742681856248, 0.606, 0.0]
[0.616, 0.368, 0.7722725542443851, 0.638, 0.0]
[0.597, 0.327, 0.86133336561044, 0.403, 0.0]
[0.596, 0.667, 0.8504736649066973, 0.622, 0.0]
[0.61, 0.945, 0.7929060938298456, 0.763, 0.489]
[0.61, 0.624, 0.7860029427714526, 0.656, 0.0]
[0.593, 0.59, 0.8269176158527071, 0.656, 0.0]
[0.591, 0.566, 0.7839315664190196, 0.681, 0.0]
[0.6, 0.78, 0.8089821357366997, 0.702, 0.0]
[0.609, 0.729, 0.8243675705471727, 0.69, 0.0]
[0.605, 0.696, 0.8116237893526099, 0.648, 0.0]
[0.598, 0.898, 0.7434046583713358, 0.499, 0.0]
[0.608, 0.365, 0.729538578461005, 0.731, 0.0]
[0.609, 0.459, 0.8495356552532195, 0.508, 0.0]
[0.601, 0.139, 0.8144351465572395, 0.55, 0.0]
[0.57, 0.461, 0.8920063895999297, 0.459, 0.0]
[0.602, 0.487, 0.8119668216808927, 0.638, 0.0]
[0.614, 0.896, 0.8341111071449334, 0.572, 0.489]
[0.595, 0.707, 0.831940977829877, 0.633, 0.0]
[0.592, 0.478, 0.8475252398081304, 0.502, 0.0]
[0.603, 0.87, 0.8037033981394144, 0.561, 0.0]
[0.604, 0.632, 0.7599891033714563, 0.713, 0.0]
[0.598, 0.471, 0.8186760917169341, 0.718, 0.0]
[0.606, 0.704, 0.8103221172733368, 0.62, 0.0]
[0.605, 0.932, 0.8115937782977487, 0.631, 0.489]
[0.601, 0.795, 0.7592983550603964, 0.705, 0.0]
[0.609, 0.488, 0.7895824326332801, 0.737, 0.0]
[0.598, 0.178, 0.8778313617912011, 0.399, 0.0]
[0.605, 0.377, 0.8072368475349994, 0.537, 0.0]
[0.612, 0.765, 0.8150727448469786, 0.727, 0.489]
[0.606, 0.472, 0.7806341939693897, 0.687, 0.0]
[0.606, 0.826, 0.8096173469101552, 0.596, 0.0]
[0.62, 0.646, 0.817353730419407, 0.683, 0.488]
[0.606, 0.847, 0.7778778989073107, 0.64, 0.0]
[0.603, 0.7, 0.820745019122813, 0.674, 0.0]
[0.596, 0.603, 0.865809210628111, 0.499, 0.0]
[0.611, 0.664, 0.7557508890516818, 0.73, 0.0]
[0.611, 0.636, 0.7752634759178666, 0.751, 0.0]
[0.614, 0.769, 0.8062659013735476, 0.544, 0.0]
[0.617, 0.459, 0.8048758742649749, 0.702, 0.0]
[0.616, 0.563, 0.7782028227047639, 0.595, 0.0]
[0.6, 0.864, 0.7694971652846416, 0.548, 0.0]
[0.613, 0.804, 0.7526999031680226, 0.74, 0.0]
[0.605, 0.794, 0.7302455378861913, 0.75, 0.0]
[0.598, 0.454, 0.8012932099672858, 0.593, 0.0]
[0.587, 0.553, 0.7868167196948709, 0.695, 0.0]
[0.595, 0.686, 0.8103341417979667, 0.539, 0.0]
[0.6, 0.412, 0.7984342291313977, 0.636, 0.0]
[0.602, 0.674, 0.8237708742311719, 0.696, 0.0]
[0.606, 0.783, 0.8123820682409124, 0.615, 0.0]
[0.618, 0.711, 0.8000670481018579, 0.55, 0.0]
[0.606, 0.774, 0.7794087460509189, 0.723, 0.0]
[0.611, 0.631, 0.7317795662866085, 0.678, 0.0]
[0.606, 0.681, 0.7096448127017907, 0.768, 0.0]
[0.613, 0.688, 0.8430076026185866, 0.571, 0.0]
[0.598, 0.757, 0.8347436099415642, 0.657, 0.0]
[0.618, 0.425, 0.7997069691911465, 0.648, 0.0]
[0.598, 0.798, 0.7853500554604479, 0.639, 0.0]
[0.609, 0.641, 0.7748812200809259, 0.712, 0.0]
[0.599, 0.619, 0.7912264483722744, 0.695, 0.0]
[0.616, 0.87, 0.8095924053259747, 0.594, 0.488]
[0.613, 0.404, 0.8138762838917586, 0.698, 0.0]
[0.609, 0.548, 0.7736181192004485, 0.695, 0.0]
[0.581, 0.423, 0.8557105814851593, 0.588, 0.0]
[0.599, 0.637, 0.7400151584147485, 0.705, 0.0]
[0.605, 0.721, 0.7936968732420022, 0.514, 0.0]
[0.599, 0.739, 0.7883387323019789, 0.645, 0.0]
[0.612, 0.809, 0.7470736169321595, 0.735, 0.0]
[0.599, 0.651, 0.8019189335233208, 0.6, 0.0]
[0.615, 0.693, 0.77379178554158, 0.515, 0.0]
[0.604, 0.532, 0.8431820483115078, 0.502, 0.0]
[0.61, 0.462, 0.793094518176755, 0.744, 0.0]
[0.585, 0.546, 0.7761871053347026, 0.706, 0.0]
[0.617, 0.674, 0.8136012772591252, 0.614, 0.488]
[0.595, 0.786, 0.8430937135492039, 0.555, 0.0]
[0.611, 0.453, 0.7880835228742649, 0.698, 0.0]
[0.607, 0.557, 0.8298219586657101, 0.44, 0.0]
[0.602, 0.775, 0.7606890661467174, 0.715, 0.0]
[0.598, 0.606, 0.7403643546971027, 0.661, 0.0]
[0.609, 0.672, 0.8049296998177562, 0.7, 0.0]
[0.603, 0.635, 0.7621559976549859, 0.669, 0.0]
[0.617, 0.661, 0.8179097077743784, 0.676, 0.488]
[0.614, 0.435, 0.7622624409361715, 0.652, 0.0]
[0.606, 0.911, 0.7998854505236548, 0.648, 0.0]
[0.602, 0.913, 0.8182977261011513, 0.486, 0.0]
[0.612, 0.932, 0.7574357924536295, 0.563, 0.0]
[0.616, 0.591, 0.7849891359119741, 0.557, 0.0]
[0.598, 0.726, 0.7289602906553372, 0.747, 0.0]
[0.613, 0.72, 0.8164865991195966, 0.636, 0.0]
[0.605, 0.781, 0.7781551638285766, 0.738, 0.0]
[0.613, 0.705, 0.7840872858687213, 0.719, 0.0]
[0.599, 0.709, 0.8759683794466403, 0.435, 0.0]
[0.614, 0.737, 0.7857307945744227, 0.657, 0.0]
[0.592, 0.721, 0.7640697666600516, 0.682, 0.0]
[0.6, 0.758, 0.7666089866478323, 0.738, 0.0]
[0.606, 0.849, 0.7714292593336711, 0.64, 0.0]
[0.616, 0.351, 0.7825259838775525, 0.644, 0.0]
[0.606, 0.649, 0.8106600163121902, 0.484, 0.0]
[0.603, 0.751, 0.8016037744113915, 0.704, 0.0]
[0.606, 0.834, 0.7222320052828527, 0.683, 0.0]
[0.618, 0.653, 0.6716977302410957, 0.754, 0.488]
[0.603, 0.472, 0.7584372443958185, 0.76, 0.0]
[0.602, 0.731, 0.7254596122268536, 0.762, 0.0]
[0.606, 0.71, 0.7433190233142736, 0.718, 0.0]
[0.608, 0.847, 0.7770412992021453, 0.674, 0.0]
[0.609, 0.487, 0.8032624728930631, 0.614, 0.0]
[0.605, 0.656, 0.7121336528473013, 0.728, 0.0]
[0.614, 0.745, 0.7823941322397319, 0.739, 0.0]
[0.591, 0.757, 0.7696655164871058, 0.688, 0.0]
[0.616, 0.792, 0.7493433458692402, 0.734, 0.0]
[0.607, 0.853, 0.7248828155935694, 0.616, 0.0]
[0.606, 0.447, 0.778541268229406, 0.646, 0.0]
[0.602, 0.6, 0.780640894411515, 0.661, 0.0]
[0.59, 0.61, 0.770598589855826, 0.605, 0.0]
[0.618, 0.649, 0.8096779021483753, 0.692, 0.488]
[0.615, 0.883, 0.7695396809177597, 0.616, 0.0]
[0.606, 0.804, 0.7895501675477787, 0.603, 0.0]
[0.595, 0.789, 0.7677221652221652, 0.604, 0.0]
[0.608, 0.603, 0.8071248694540561, 0.625, 0.0]
[0.599, 0.862, 0.7725418504014145, 0.711, 0.0]
[0.598, 0.57, 0.8178996057856548, 0.541, 0.0]
[0.604, 0.9, 0.7827914741990281, 0.705, 0.0]
[0.605, 0.625, 0.719838660858583, 0.652, 0.0]
[0.609, 0.816, 0.7293368418556471, 0.596, 0.0]
[0.6, 0.588, 0.7420242788018343, 0.58, 0.0]
[0.605, 0.806, 0.828211858397354, 0.57, 0.0]
[0.606, 0.828, 0.8273822782441992, 0.54, 0.0]
[0.616, 0.465, 0.8158950901746601, 0.615, 0.0]
[0.61, 0.509, 0.7373138215728201, 0.745, 0.0]
[0.607, 0.823, 0.8005344217354599, 0.489, 0.0]
[0.605, 0.824, 0.6976989100082218, 0.684, 0.0]
[0.599, 0.465, 0.7493401700667859, 0.703, 0.0]
[0.603, 0.729, 0.756247430821488, 0.589, 0.0]
[0.617, 0.691, 0.7704616590330311, 0.627, 0.0]
[0.604, 0.654, 0.7994155343103097, 0.71, 0.0]
[0.606, 0.852, 0.8087417426933045, 0.585, 0.0]
[0.599, 0.657, 0.8397917810858986, 0.457, 0.0]
[0.606, 0.51, 0.8247165458069197, 0.484, 0.0]
[0.603, 0.446, 0.8120306668698107, 0.743, 0.0]
[0.608, 0.822, 0.8122650644636946, 0.517, 0.0]
[0.61, 0.623, 0.7069087651874537, 0.76, 0.0]
[0.607, 0.526, 0.8071070289178611, 0.709, 0.0]
[0.598, 0.475, 0.7687753496592802, 0.626, 0.0]
[0.616, 0.743, 0.7757999397879514, 0.606, 0.0]
[0.61, 0.396, 0.7574478093358281, 0.631, 0.0]
[0.606, 0.806, 0.7705398421947718, 0.623, 0.0]
[0.61, 0.735, 0.7888373917212566, 0.745, 0.0]
[0.612, 0.85, 0.8198083675865493, 0.507, 0.0]
[0.602, 0.4, 0.8360087658015904, 0.684, 0.0]
[0.607, 0.842, 0.7359598661058647, 0.613, 0.0]
[0.595, 0.656, 0.7978364902143809, 0.584, 0.0]
[0.603, 0.758, 0.8537277569026818, 0.467, 0.0]
[0.613, 0.608, 0.7139642482536548, 0.771, 0.0]
[0.619, 0.617, 0.7668172368906763, 0.7, 0.488]
[0.609, 0.787, 0.7130932180688724, 0.761, 0.0]
[0.614, 0.923, 0.787812603198851, 0.642, 0.0]
[0.608, 0.783, 0.8042801135962623, 0.687, 0.0]
[0.604, 0.641, 0.8078940189545469, 0.605, 0.0]
[0.607, 0.474, 0.7710401542192096, 0.748, 0.0]
[0.603, 0.653, 0.8227128971036755, 0.562, 0.0]
[0.608, 0.802, 0.7294868393460343, 0.669, 0.0]
[0.609, 0.937, 0.7926799062503087, 0.7, 0.0]
[0.616, 0.749, 0.7610669240669241, 0.626, 0.0]
[0.59, 0.48, 0.7321747101229443, 0.708, 0.0]
[0.602, 0.657, 0.7740760078752735, 0.731, 0.0]
[0.604, 0.742, 0.8095153457653457, 0.709, 0.0]
[0.599, 0.702, 0.702595238095238, 0.764, 0.0]
[0.598, 0.751, 0.7626543192609314, 0.662, 0.0]
[0.621, 0.162, 0.7858451072076227, 0.589, 0.0]
[0.595, 0.355, 0.7971271360393467, 0.634, 0.0]
[0.616, 0.501, 0.7922350917040635, 0.703, 0.0]
[0.606, 0.618, 0.73914742916182, 0.715, 0.0]
[0.609, 0.439, 0.7917786313783091, 0.708, 0.0]
[0.613, 0.566, 0.756573077717223, 0.631, 0.0]
[0.613, 0.694, 0.7912707784718056, 0.719, 0.0]
[0.602, 0.799, 0.742243192748665, 0.732, 0.0]
[0.604, 0.236, 0.7009266934554367, 0.63, 0.0]
[0.613, 0.74, 0.81886115906848, 0.591, 0.0]
[0.609, 0.861, 0.7736093339808832, 0.735, 0.0]
[0.595, 0.577, 0.8282107023411371, 0.37, 0.0]
[0.59, 0.437, 0.7445165455311147, 0.663, 0.0]
[0.618, 0.803, 0.7867852342549922, 0.661, 0.488]
[0.617, 0.299, 0.7619741578649479, 0.74, 0.0]
[0.61, 0.787, 0.7452372239156764, 0.675, 0.0]
[0.612, 0.919, 0.7720306732982789, 0.735, 0.489]
[0.593, 0.505, 0.8463301856385874, 0.679, 0.0]
[0.597, 0.714, 0.8606136134924735, 0.545, 0.0]
[0.607, 0.638, 0.8045378038882023, 0.694, 0.0]
[0.608, 0.576, 0.7058759235523463, 0.666, 0.0]
[0.603, 0.671, 0.8189997967590379, 0.698, 0.0]
[0.601, 0.415, 0.7330024751880029, 0.74, 0.0]
[0.598, 0.588, 0.7240694293692541, 0.725, 0.0]
[0.614, 0.783, 0.7417149807428498, 0.651, 0.0]
[0.606, 0.484, 0.7594291668025386, 0.578, 0.0]
[0.609, 0.653, 0.7317166742794974, 0.763, 0.0]
[0.606, 0.77, 0.7759071166361083, 0.61, 0.0]
[0.611, 0.733, 0.7768407373673772, 0.727, 0.0]
[0.605, 0.855, 0.7598886570103354, 0.736, 0.0]
[0.612, 0.799, 0.7754821351635629, 0.76, 0.489]
[0.619, 0.435, 0.7660302792255965, 0.685, 0.0]
[0.609, 0.786, 0.7569549358317474, 0.738, 0.0]
[0.611, 0.482, 0.7716248930819364, 0.683, 0.0]
[0.605, 0.64, 0.7378693349661092, 0.667, 0.0]
[0.585, 0.579, 0.8213452076333743, 0.581, 0.0]
[0.613, 0.885, 0.737201877193723, 0.684, 0.0]
[0.611, 0.571, 0.8127483737983611, 0.512, 0.0]
[0.608, 0.767, 0.6853630557157993, 0.748, 0.0]
[0.608, 0.872, 0.7986118549053014, 0.624, 0.0]
[0.614, 0.67, 0.7177100791806674, 0.758, 0.0]
[0.608, 0.843, 0.7718986303842821, 0.607, 0.0]
[0.6, 0.767, 0.8283192942539901, 0.52, 0.0]
[0.603, 0.871, 0.8211669904647061, 0.573, 0.0]
[0.608, 0.878, 0.8003558861959571, 0.6, 0.0]
[0.606, 0.697, 0.804434628589801, 0.666, 0.0]
[0.607, 0.853, 0.7725610573142868, 0.736, 0.0]
[0.601, 0.628, 0.805707249608876, 0.652, 0.0]
[0.606, 0.69, 0.7696528161516832, 0.73, 0.0]
[0.599, 0.704, 0.7764833399246724, 0.531, 0.0]
[0.605, 0.87, 0.7929999226755875, 0.659, 0.0]
[0.608, 0.638, 0.757914894793001, 0.734, 0.0]
[0.618, 0.557, 0.7704951958610495, 0.64, 0.0]
[0.597, 0.447, 0.7907266482024546, 0.7, 0.0]
[0.602, 0.751, 0.7738303356569218, 0.602, 0.0]
[0.599, 0.766, 0.7107484638718208, 0.733, 0.0]
[0.609, 0.472, 0.8049501615984419, 0.605, 0.0]
[0.609, 0.822, 0.7748096575633667, 0.626, 0.0]
[0.614, 0.492, 0.7857038940867938, 0.675, 0.0]
[0.621, 0.854, 0.7995722142923636, 0.661, 0.488]
[0.602, 0.726, 0.7046850304926655, 0.693, 0.0]
[0.606, 0.813, 0.7194164289371662, 0.732, 0.0]
[0.624, 0.609, 0.7466200551865225, 0.652, 0.488]
[0.593, 0.717, 0.8153343038368821, 0.708, 0.0]
[0.601, 0.496, 0.7879920927002302, 0.625, 0.0]
[0.591, 0.678, 0.8475550863773125, 0.573, 0.0]
[0.609, 0.838, 0.7603343253968253, 0.736, 0.0]
[0.603, 0.714, 0.7620104787073965, 0.506, 0.0]
[0.603, 0.587, 0.7646293840259358, 0.704, 0.0]
[0.605, 0.653, 0.7812776714374967, 0.679, 0.0]
[0.606, 0.677, 0.7636137672135289, 0.703, 0.0]
[0.602, 0.585, 0.7482551655762965, 0.685, 0.0]
[0.618, 0.2, 0.791712277713801, 0.704, 0.0]
[0.606, 0.762, 0.8040025113672604, 0.565, 0.0]
[0.618, 0.605, 0.8161365935627856, 0.634, 0.0]
[0.605, 0.734, 0.7598867167250256, 0.667, 0.0]
[0.603, 0.81, 0.8172792483670624, 0.6, 0.0]
[0.616, 0.913, 0.808461049025206, 0.65, 0.488]
[0.604, 0.879, 0.8034794666721987, 0.71, 0.0]
[0.609, 0.566, 0.7710773756574122, 0.701, 0.0]
[0.619, 0.599, 0.7689090296614141, 0.624, 0.0]
[0.611, 0.88, 0.7193604820710142, 0.741, 0.0]
[0.6, 0.492, 0.8576799825085022, 0.587, 0.0]
[0.614, 0.7, 0.7520269515512246, 0.735, 0.0]
[0.595, 0.632, 0.748184955141477, 0.714, 0.0]
[0.614, 0.676, 0.7966815979872487, 0.725, 0.0]
[0.609, 0.378, 0.7932295138463754, 0.626, 0.0]
[0.604, 0.543, 0.8103311756736415, 0.627, 0.0]
[0.609, 0.709, 0.7789002724861465, 0.693, 0.0]
[0.589, 0.588, 0.7926441348409003, 0.684, 0.0]
[0.609, 0.626, 0.8132238084075272, 0.684, 0.0]
[0.596, 0.395, 0.8263065520630832, 0.647, 0.0]
[0.612, 0.408, 0.7769491777428719, 0.741, 0.0]
[0.609, 0.863, 0.7828718123873439, 0.684, 0.0]
[0.599, 0.845, 0.6709610625090385, 0.646, 0.0]
[0.607, 0.601, 0.8095865205793891, 0.647, 0.0]
[0.611, 0.575, 0.7905706147324554, 0.655, 0.0]
[0.603, 0.633, 0.7626704576444052, 0.658, 0.0]
[0.593, 0.538, 0.8398621365786173, 0.599, 0.0]
[0.623, 0.691, 0.7634913733381694, 0.655, 0.488]
[0.604, 0.824, 0.8335448262440597, 0.551, 0.0]
[0.607, 0.76, 0.761088404791636, 0.742, 0.0]
[0.593, 0.653, 0.7247046306795024, 0.726, 0.0]
[0.593, 0.523, 0.8232815672638927, 0.501, 0.0]
[0.601, 0.444, 0.7993415707488959, 0.68, 0.0]
[0.613, 0.511, 0.7844778346121057, 0.628, 0.0]
[0.611, 0.693, 0.7893940522222191, 0.644, 0.0]
[0.603, 0.44, 0.7811402113865332, 0.672, 0.0]
[0.602, 0.67, 0.7533422296191952, 0.689, 0.0]
[0.614, 0.407, 0.834770169481923, 0.536, 0.0]
[0.604, 0.586, 0.7799527823433978, 0.707, 0.0]
[0.614, 0.863, 0.7973196060665281, 0.518, 0.0]
[0.606, 0.916, 0.8186755989680169, 0.561, 0.0]
[0.585, 0.565, 0.8018256594972955, 0.684, 0.0]
[0.611, 0.781, 0.7561908029739669, 0.722, 0.0]
[0.621, 0.896, 0.7724024994613229, 0.632, 0.488]
[0.602, 0.653, 0.7883051529790661, 0.594, 0.0]
[0.608, 0.801, 0.8163777824867415, 0.589, 0.0]
[0.606, 0.633, 0.7843704625246999, 0.638, 0.0]
[0.611, 0.641, 0.7926555721025592, 0.643, 0.0]
[0.617, 0.697, 0.6230335528586926, 0.789, 0.488]
[0.603, 0.582, 0.8281905073049836, 0.587, 0.0]
[0.604, 0.812, 0.6950843565937905, 0.761, 0.0]
[0.606, 0.857, 0.7273408400168964, 0.735, 0.0]
[0.593, 0.703, 0.8166775408996507, 0.542, 0.0]
[0.572, 0.528, 0.7495981824423374, 0.63, 0.0]
[0.6, 0.823, 0.7586666537174713, 0.676, 0.0]
[0.596, 0.641, 0.8009351279251146, 0.498, 0.0]
[0.611, 0.6, 0.7143859076548662, 0.708, 0.0]
[0.602, 0.59, 0.7642947734506988, 0.64, 0.0]
[0.616, 0.713, 0.776653939408227, 0.73, 0.488]
[0.601, 0.699, 0.7825253665536162, 0.601, 0.0]
[0.594, 0.461, 0.8305410955386796, 0.673, 0.0]
[0.609, 0.786, 0.7377283245835855, 0.519, 0.0]
[0.606, 0.881, 0.7660080450496862, 0.752, 0.0]
[0.607, 0.883, 0.7596311334730452, 0.632, 0.0]
[0.615, 0.579, 0.7295104860307151, 0.668, 0.0]
[0.613, 0.761, 0.8180744418979713, 0.687, 0.489]
[0.613, 0.772, 0.7577394757968331, 0.624, 0.0]
[0.611, 0.665, 0.7839869549600005, 0.705, 0.0]
[0.602, 0.865, 0.7973903318903319, 0.441, 0.0]
[0.584, 0.638, 0.8890815866576516, 0.626, 0.0]
[0.612, 0.822, 0.7747892686176752, 0.742, 0.0]
[0.619, 0.831, 0.819920621531173, 0.553, 0.488]
[0.598, 0.763, 0.8310952668414775, 0.554, 0.0]
[0.603, 0.734, 0.6907575560120336, 0.762, 0.0]
[0.596, 0.66, 0.7857406677395931, 0.613, 0.0]
[0.619, 0.471, 0.7953187742560932, 0.634, 0.0]
[0.599, 0.87, 0.7189290250559635, 0.695, 0.0]
[0.606, 0.851, 0.788301718052405, 0.552, 0.0]
[0.602, 0.772, 0.7692854372897535, 0.667, 0.0]
[0.606, 0.765, 0.8017668908774507, 0.527, 0.0]
[0.614, 0.69, 0.7843537793488697, 0.712, 0.0]
[0.597, 0.606, 0.8069453467354033, 0.599, 0.0]
[0.6, 0.712, 0.8241345007126648, 0.533, 0.0]
[0.601, 0.905, 0.7715937323546019, 0.664, 0.0]
[0.611, 0.819, 0.7578392442517015, 0.723, 0.0]
[0.606, 0.832, 0.7736385434687691, 0.728, 0.0]
[0.601, 0.727, 0.7482109456200616, 0.682, 0.0]
[0.611, 0.823, 0.8392261501752243, 0.685, 0.489]
[0.613, 0.801, 0.8199364655584133, 0.704, 0.489]
[0.61, 0.635, 0.7528895081203963, 0.657, 0.0]
[0.597, 0.552, 0.866951994165543, 0.479, 0.0]
[0.587, 0.561, 0.8103672423763566, 0.51, 0.0]
[0.605, 0.666, 0.772041842797009, 0.751, 0.0]
[0.608, 0.695, 0.7636134234387162, 0.731, 0.0]
[0.602, 0.743, 0.7702995022449871, 0.73, 0.0]
[0.616, 0.522, 0.7946449305149896, 0.711, 0.0]
[0.602, 0.513, 0.8012086845240722, 0.696, 0.0]
[0.594, 0.507, 0.8442319500480497, 0.411, 0.0]
[0.608, 0.799, 0.6996606420134377, 0.738, 0.0]
[0.6, 0.734, 0.7253131447096964, 0.723, 0.0]
[0.597, 0.799, 0.7177431575987787, 0.737, 0.0]
[0.606, 0.755, 0.8029435033379206, 0.605, 0.0]
[0.606, 0.424, 0.8014627789030728, 0.621, 0.0]
[0.601, 0.712, 0.7613685666465569, 0.668, 0.0]
[0.59, 0.538, 0.7494615913767213, 0.587, 0.0]
[0.603, 0.822, 0.7653873051165797, 0.725, 0.0]
[0.61, 0.476, 0.8087658543387444, 0.49, 0.0]
[0.611, 0.811, 0.7695509111620338, 0.614, 0.0]
[0.611, 0.703, 0.7384882125828709, 0.714, 0.0]
[0.604, 0.798, 0.8117424329330736, 0.559, 0.0]
[0.608, 0.779, 0.8208288290698305, 0.653, 0.0]
[0.61, 0.839, 0.81274802656244, 0.695, 0.0]
[0.597, 0.848, 0.7910808872991801, 0.504, 0.0]
[0.6, 0.657, 0.7737728332729776, 0.706, 0.0]
[0.598, 0.453, 0.7836827548328249, 0.574, 0.0]
[0.614, 0.78, 0.7775213793298899, 0.631, 0.0]
[0.609, 0.785, 0.7766795777322093, 0.645, 0.0]
[0.616, 0.76, 0.8255624952683775, 0.52, 0.0]
[0.587, 0.613, 0.8382804967161279, 0.569, 0.0]
[0.602, 0.792, 0.791455048219754, 0.575, 0.0]
[0.599, 0.697, 0.7277817655637591, 0.759, 0.0]
[0.597, 0.706, 0.8283334124654342, 0.664, 0.0]
[0.608, 0.584, 0.8230931160342925, 0.628, 0.0]
[0.615, 0.614, 0.7781539411910057, 0.708, 0.0]
[0.599, 0.625, 0.682348306964567, 0.602, 0.0]
[0.596, 0.661, 0.7284192493964885, 0.714, 0.0]
[0.618, 0.695, 0.8044673250289904, 0.682, 0.488]
[0.597, 0.509, 0.7104804021954778, 0.695, 0.0]
[0.608, 0.492, 0.7277462698440854, 0.652, 0.0]
[0.593, 0.638, 0.8336927125369922, 0.652, 0.0]
[0.603, 0.684, 0.8299845441512748, 0.423, 0.0]
[0.602, 0.725, 0.7926557299745836, 0.525, 0.0]
[0.598, 0.845, 0.767027443401205, 0.687, 0.0]
[0.616, 0.931, 0.7553370105591849, 0.609, 0.488]
[0.606, 0.682, 0.8495140247879973, 0.59, 0.0]
[0.609, 0.738, 0.7500481285443921, 0.668, 0.0]
[0.608, 0.754, 0.758649906451994, 0.741, 0.0]
[0.608, 0.715, 0.8139026843362602, 0.622, 0.0]
[0.585, 0.399, 0.7662954035086144, 0.666, 0.0]
[0.591, 0.143, 0.8488419558854943, 0.562, 0.0]
[0.609, 0.69, 0.7435193826041865, 0.683, 0.0]
[0.607, 0.87, 0.7353561680856335, 0.608, 0.0]
[0.595, 0.345, 0.8473932112822269, 0.648, 0.0]
[0.585, 0.175, 0.9100431860479612, 0.27, 0.0]
[0.595, 0.174, 0.89411776126326, 0.275, 0.0]
[0.599, 0.34, 0.8185882774600166, 0.601, 0.0]
[0.602, 0.322, 0.8117081211253012, 0.668, 0.0]
[0.619, 0.422, 0.8195618011862664, 0.549, 0.0]
[0.609, 0.872, 0.7167509101296079, 0.73, 0.0]
[0.606, 0.854, 0.7797463725510825, 0.651, 0.0]
[0.605, 0.642, 0.8477244725824848, 0.696, 0.0]
[0.607, 0.853, 0.8097940560408505, 0.425, 0.0]
[0.594, 0.333, 0.8487516729447138, 0.467, 0.0]
[0.597, 0.653, 0.78098393411891, 0.644, 0.0]
[0.604, 0.777, 0.8120869244964346, 0.604, 0.0]
[0.606, 0.656, 0.7595200740383612, 0.613, 0.0]
[0.617, 0.679, 0.7469183631308214, 0.669, 0.0]
[0.602, 0.728, 0.781529164191988, 0.737, 0.0]
[0.609, 0.823, 0.7984844817698462, 0.566, 0.0]
[0.595, 0.723, 0.8252096907929412, 0.682, 0.0]
[0.61, 0.687, 0.8043241028295376, 0.599, 0.0]
[0.602, 0.72, 0.7883940758916084, 0.705, 0.0]
[0.609, 0.778, 0.7681799867834458, 0.709, 0.0]
[0.618, 0.67, 0.7430363820378558, 0.73, 0.488]
[0.616, 0.724, 0.8280284226620107, 0.472, 0.0]
[0.609, 0.905, 0.7989756062453431, 0.753, 0.0]
[0.592, 0.775, 0.8309879526375783, 0.537, 0.0]
[0.609, 0.413, 0.8156225923142904, 0.698, 0.0]
[0.606, 0.643, 0.802984025521339, 0.524, 0.0]
[0.598, 0.618, 0.8559604090829864, 0.704, 0.0]
[0.595, 0.696, 0.7910861562885587, 0.68, 0.0]
[0.619, 0.512, 0.7678485883108865, 0.643, 0.0]
[0.604, 0.801, 0.7935280754014671, 0.663, 0.0]
[0.605, 0.709, 0.7717231367140622, 0.695, 0.0]
[0.603, 0.777, 0.7642297103162136, 0.685, 0.0]
[0.606, 0.486, 0.7958313823041654, 0.699, 0.0]
[0.606, 0.904, 0.7703103888015805, 0.692, 0.0]
[0.615, 0.737, 0.7946390053508602, 0.716, 0.489]
[0.6, 0.724, 0.7290215520608047, 0.613, 0.0]
[0.593, 0.646, 0.8208623674522311, 0.672, 0.0]
[0.613, 0.743, 0.7918610650094519, 0.742, 0.0]
[0.597, 0.824, 0.8216967104804458, 0.699, 0.0]
[0.611, 0.477, 0.8016897155132449, 0.74, 0.0]
[0.605, 0.787, 0.8186635191079419, 0.576, 0.0]
[0.604, 0.795, 0.8147336231843274, 0.691, 0.0]
[0.62, 0.594, 0.7818495781572338, 0.659, 0.0]
[0.611, 0.594, 0.789560694188301, 0.75, 0.0]
[0.603, 0.82, 0.7636501128900335, 0.675, 0.0]
[0.611, 0.836, 0.7617083001590802, 0.635, 0.0]
[0.598, 0.551, 0.8036029487179912, 0.732, 0.0]
[0.618, 0.278, 0.756391756740719, 0.707, 0.0]
[0.606, 0.883, 0.7311619653201932, 0.642, 0.0]
[0.597, 0.685, 0.8051444723444574, 0.682, 0.0]
[0.599, 0.561, 0.8119368961810898, 0.654, 0.0]
[0.599, 0.882, 0.7718426121346011, 0.67, 0.0]
[0.611, 0.674, 0.7477906377312598, 0.701, 0.0]
[0.606, 0.747, 0.7684624837971595, 0.644, 0.0]
[0.609, 0.632, 0.798769081617173, 0.639, 0.0]
[0.606, 0.79, 0.8287263927404647, 0.557, 0.0]
[0.6, 0.85, 0.8358406663390312, 0.581, 0.0]
[0.62, 0.848, 0.7809062850729518, 0.652, 0.0]
[0.603, 0.847, 0.7783665017211704, 0.577, 0.0]
[0.621, 0.389, 0.8008758345186475, 0.46, 0.0]
[0.63, 0.418, 0.8296019439375335, 0.616, 0.488]
[0.594, 0.565, 0.8352511831644962, 0.563, 0.0]
