[0.611, 0.752, 1.0, 0.749, 0.489]
[0.609, 0.82, 0.9204545454545454, 0.792, 0.489]
[0.614, 0.809, 0.8516816704176043, 0.771, 0.489]
[0.609, 0.725, 0.8153687645153831, 0.686, 0.0]
[0.611, 0.392, 0.8238601097851398, 0.735, 0.0]
[0.614, 0.811, 0.8404903897600526, 0.751, 0.489]
[0.62, 0.493, 0.8107742097128274, 0.799, 0.488]
[0.581, 0.349, 0.8942099788407333, 0.633, 0.0]
[0.607, 0.874, 0.8178787925097295, 0.718, 0.489]
[0.609, 0.74, 0.843984812986361, 0.685, 0.0]
[0.6, 0.739, 0.7550348247707479, 0.668, 0.0]
[0.609, 0.589, 0.8097683239975693, 0.505, 0.0]
[0.614, 0.942, 0.7597367763053213, 0.784, 0.489]
[0.618, 0.199, 0.7874747820594419, 0.631, 0.0]
[0.609, 0.813, 0.814546935053091, 0.664, 0.489]
[0.603, 0.728, 0.8385559229215327, 0.79, 0.0]
[0.606, 0.452, 0.8012533176551526, 0.694, 0.0]
[0.583, 0.502, 0.916834617801565, 0.548, 0.0]
[0.602, 0.493, 0.8214125056609431, 0.74, 0.0]
[0.611, 0.604, 0.8055984117980715, 0.713, 0.0]
[0.608, 0.675, 0.8313928719077993, 0.616, 0.0]
[0.611, 0.444, 0.8645305459048671, 0.484, 0.489]
[0.596, 0.587, 0.8691430465108003, 0.663, 0.0]
[0.607, 0.627, 0.7750182958500982, 0.663, 0.0]
[0.606, 0.827, 0.8059516416439698, 0.645, 0.0]
[0.61, 0.86, 0.8088239538239539, 0.613, 0.489]
[0.601, 0.853, 0.8071472416145073, 0.616, 0.0]
[0.596, 0.776, 0.7711686317926068, 0.619, 0.0]
[0.6, 0.861, 0.8261908375059104, 0.577, 0.489]
[0.607, 0.47, 0.8062869669373736, 0.551, 0.0]
[0.602, 0.818, 0.8216584744599991, 0.655, 0.0]
[0.606, 0.853, 0.8357116977225674, 0.632, 0.489]
[0.608, 0.738, 0.8304209164071816, 0.626, 0.0]
[0.611, 0.856, 0.7991173902938609, 0.733, 0.489]
[0.612, 0.736, 0.8031259976027418, 0.656, 0.0]
[0.605, 0.467, 0.8551012107522352, 0.586, 0.0]
[0.597, 0.666, 0.8504548770560632, 0.716, 0.0]
[0.624, 0.367, 0.8240065398979757, 0.727, 0.488]
[0.61, 0.858, 0.783657433529273, 0.617, 0.489]
[0.605, 0.614, 0.7715440115440115, 0.693, 0.0]
[0.606, 0.638, 0.8234946856422265, 0.599, 0.0]
[0.593, 0.315, 0.840171347717153, 0.573, 0.0]
[0.583, 0.644, 0.8132128772536518, 0.727, 0.0]
[0.597, 0.594, 0.839634820442303, 0.535, 0.0]
[0.616, 0.405, 0.8197703248184964, 0.657, 0.488]
[0.611, 0.639, 0.8603932836529609, 0.693, 0.489]
[0.596, 0.326, 0.8689399026355549, 0.417, 0.0]
[0.6, 0.482, 0.8043175953524314, 0.515, 0.0]
[0.599, 0.448, 0.7387585717855601, 0.498, 0.0]
[0.599, 0.425, 0.8029493495010736, 0.534, 0.0]
[0.594, 0.556, 0.8520135258372386, 0.44, 0.0]
[0.597, 0.691, 0.8488180719735696, 0.688, 0.0]
[0.606, 0.783, 0.8424446003169408, 0.575, 0.0]
[0.607, 0.871, 0.8129935928842436, 0.62, 0.489]
[0.606, 0.61, 0.8123253866764096, 0.74, 0.0]
[0.604, 0.82, 0.8146108136345827, 0.602, 0.0]
[0.595, 0.522, 0.8541909476257501, 0.654, 0.0]
[0.612, 0.497, 0.8290877400268917, 0.66, 0.0]
[0.606, 0.851, 0.7597935065628663, 0.728, 0.0]
[0.598, 0.352, 0.8436944658448896, 0.531, 0.0]
[0.598, 0.672, 0.8347576764396971, 0.586, 0.0]
[0.594, 0.654, 0.7350720150760534, 0.756, 0.0]
[0.595, 0.556, 0.8474701206861284, 0.688, 0.0]
[0.613, 0.419, 0.8717360976352471, 0.564, 0.489]
[0.61, 0.595, 0.7972768918508752, 0.755, 0.0]
[0.609, 0.848, 0.7847524222548095, 0.618, 0.0]
[0.59, 0.45, 0.8305905538334342, 0.617, 0.0]
[0.599, 0.737, 0.857678924336533, 0.558, 0.0]
[0.602, 0.739, 0.7797099262240106, 0.726, 0.0]
[0.6, 0.757, 0.791067877120371, 0.773, 0.0]
[0.605, 0.851, 0.8317863774455583, 0.729, 0.489]
[0.606, 0.827, 0.7942514015623949, 0.65, 0.0]
[0.606, 0.673, 0.8336804604563519, 0.539, 0.0]
[0.609, 0.862, 0.7798583332333133, 0.743, 0.489]
[0.612, 0.497, 0.8311522822177606, 0.704, 0.0]
[0.614, 0.801, 0.8102540365316233, 0.7, 0.489]
[0.616, 0.63, 0.7804628267603528, 0.758, 0.488]
[0.616, 0.9, 0.752873954379053, 0.737, 0.488]
[0.609, 0.843, 0.7947543393530871, 0.678, 0.0]
[0.622, 0.537, 0.792670402342488, 0.705, 0.488]
[0.608, 0.526, 0.88708176361912, 0.639, 0.0]
[0.599, 0.618, 0.8646932144649039, 0.669, 0.0]
[0.608, 0.812, 0.7549291821600386, 0.658, 0.0]
[0.602, 0.381, 0.7962059632363583, 0.779, 0.0]
[0.584, 0.526, 0.8671709466903974, 0.546, 0.0]
[0.593, 0.666, 0.8402123874287346, 0.627, 0.0]
[0.614, 0.913, 0.7661625387968098, 0.724, 0.489]
[0.619, 0.729, 0.8207638859995838, 0.524, 0.488]
[0.612, 0.805, 0.7667926638789254, 0.719, 0.0]
[0.606, 0.635, 0.7768571179875527, 0.54, 0.0]
[0.614, 0.827, 0.8286180062624753, 0.653, 0.489]
[0.598, 0.865, 0.8404816003099234, 0.709, 0.489]
[0.604, 0.475, 0.824504147318513, 0.657, 0.0]
[0.605, 0.376, 0.7878563936063936, 0.738, 0.0]
[0.604, 0.763, 0.8434116452430822, 0.662, 0.0]
[0.598, 0.826, 0.8121806371790906, 0.683, 0.0]
[0.611, 0.831, 0.7495709958842556, 0.709, 0.0]
[0.609, 0.87, 0.7570835496591839, 0.742, 0.0]
[0.606, 0.245, 0.7988735088814751, 0.627, 0.0]
[0.607, 0.941, 0.78861717648309, 0.713, 0.489]
[0.609, 0.775, 0.7710966929303816, 0.774, 0.489]
[0.614, 0.591, 0.7590186622320769, 0.689, 0.0]
[0.613, 0.496, 0.7831904886312407, 0.721, 0.0]
[0.601, 0.889, 0.8428192267502612, 0.67, 0.489]
[0.603, 0.624, 0.8145517711892816, 0.538, 0.0]
[0.612, 0.919, 0.7686793865054864, 0.664, 0.489]
[0.603, 0.887, 0.8233993614418413, 0.579, 0.489]
[0.602, 0.405, 0.8295091703094587, 0.69, 0.0]
[0.609, 0.747, 0.8402271737514073, 0.544, 0.0]
[0.604, 0.872, 0.7402681409008469, 0.708, 0.0]
[0.607, 0.805, 0.8013022354794468, 0.662, 0.0]
[0.611, 0.8, 0.8100536868696073, 0.649, 0.0]
[0.594, 0.502, 0.8580724342713311, 0.379, 0.0]
[0.606, 0.816, 0.7634927932608575, 0.712, 0.0]
[0.612, 0.753, 0.7604050760518628, 0.629, 0.0]
[0.591, 0.254, 0.8822497788804172, 0.613, 0.0]
[0.584, 0.095, 0.8308340693712, 0.384, 0.0]
[0.595, 0.064, 0.7445690226450485, 0.438, 0.0]
[0.605, 0.659, 0.8006887072097915, 0.592, 0.0]
[0.602, 0.707, 0.7921270771453599, 0.587, 0.0]
[0.614, 0.878, 0.7727401347944641, 0.764, 0.489]
[0.601, 0.812, 0.759160526506397, 0.668, 0.0]
[0.579, 0.092, 0.8137749743052092, 0.242, 0.0]
[0.605, 0.785, 0.8416270824291733, 0.483, 0.0]
[0.611, 0.824, 0.7178488978161484, 0.711, 0.0]
[0.61, 0.839, 0.7531915290566915, 0.635, 0.0]
[0.602, 0.797, 0.7630478308002036, 0.574, 0.0]
[0.609, 0.884, 0.7976642419382554, 0.543, 0.489]
[0.622, 0.545, 0.7872605217023614, 0.679, 0.488]
[0.596, 0.714, 0.8114772349617814, 0.659, 0.0]
[0.607, 0.797, 0.819773634915099, 0.724, 0.0]
[0.575, 0.045, 0.8514468339565933, 0.265, 0.0]
[0.602, 0.868, 0.7786271260161677, 0.633, 0.0]
[0.602, 0.839, 0.7243015645215652, 0.742, 0.0]
[0.594, 0.73, 0.7890724554317606, 0.723, 0.0]
[0.609, 0.831, 0.8058287257224446, 0.686, 0.489]
[0.599, 0.276, 0.836705709072076, 0.645, 0.0]
[0.606, 0.812, 0.8403246337038401, 0.58, 0.0]
[0.598, 0.643, 0.7844289856785324, 0.66, 0.0]
[0.61, 0.757, 0.7843176540894676, 0.711, 0.0]
[0.618, 0.553, 0.8291307506480785, 0.68, 0.488]
[0.601, 0.826, 0.7398099798784818, 0.539, 0.0]
[0.603, 0.875, 0.8131288748752679, 0.485, 0.489]
[0.615, 0.729, 0.813747931970088, 0.644, 0.489]
[0.598, 0.594, 0.780410623153371, 0.66, 0.0]
[0.594, 0.63, 0.8711140731581248, 0.391, 0.0]
[0.602, 0.856, 0.8007913894687733, 0.63, 0.0]
[0.602, 0.391, 0.7799143272166721, 0.558, 0.0]
[0.614, 0.343, 0.8084344660431616, 0.742, 0.0]
[0.606, 0.885, 0.7387018718985933, 0.773, 0.0]
[0.605, 0.856, 0.8043511669817682, 0.582, 0.0]
[0.614, 0.71, 0.8233836550826581, 0.642, 0.489]
[0.613, 0.815, 0.7655820658694221, 0.638, 0.0]
[0.599, 0.87, 0.7815251039488548, 0.743, 0.489]
[0.606, 0.851, 0.7760274663601505, 0.682, 0.0]
[0.608, 0.927, 0.7091191151744429, 0.732, 0.0]
[0.608, 0.541, 0.7632509644495946, 0.741, 0.0]
[0.609, 0.868, 0.8004140028810554, 0.64, 0.489]
[0.596, 0.765, 0.792421145289655, 0.573, 0.0]
[0.606, 0.507, 0.7876835554729001, 0.684, 0.0]
[0.611, 0.54, 0.8258736019714947, 0.58, 0.0]
[0.609, 0.691, 0.7872894704203051, 0.694, 0.0]
[0.604, 0.524, 0.7853988603988604, 0.672, 0.0]
[0.609, 0.875, 0.7603296703296704, 0.566, 0.0]
[0.608, 0.795, 0.7977536449028986, 0.737, 0.0]
[0.604, 0.827, 0.8023122483184979, 0.641, 0.0]
[0.607, 0.934, 0.7618353344768438, 0.742, 0.489]
[0.607, 0.836, 0.6934005267967532, 0.783, 0.0]
[0.587, 0.454, 0.8420634172472408, 0.447, 0.0]
[0.598, 0.723, 0.7933581668169598, 0.504, 0.0]
[0.588, 0.675, 0.8363935229305011, 0.673, 0.0]
[0.616, 0.694, 0.7972324384681386, 0.698, 0.488]
[0.607, 0.889, 0.7467966660205466, 0.694, 0.0]
[0.599, 0.51, 0.8058553713975709, 0.534, 0.0]
[0.611, 0.649, 0.8100525860916309, 0.601, 0.0]
[0.609, 0.808, 0.7768177266819544, 0.668, 0.0]
[0.604, 0.816, 0.8172380671099035, 0.565, 0.0]
[0.609, 0.876, 0.7667618643858692, 0.671, 0.0]
[0.603, 0.787, 0.7985176208767757, 0.656, 0.0]
[0.601, 0.68, 0.7965398923295534, 0.563, 0.0]
[0.608, 0.657, 0.7985076832151301, 0.627, 0.0]
[0.593, 0.487, 0.8287429208918935, 0.483, 0.0]
[0.598, 0.698, 0.819918319228664, 0.698, 0.0]
[0.611, 0.881, 0.8045295765635451, 0.68, 0.489]
[0.609, 0.737, 0.7472712338288026, 0.759, 0.0]
[0.603, 0.881, 0.721462808811721, 0.574, 0.0]
[0.618, 0.687, 0.7401504246516157, 0.763, 0.488]
[0.602, 0.881, 0.814500745540921, 0.633, 0.489]
[0.605, 0.746, 0.7494868325079602, 0.761, 0.0]
[0.603, 0.591, 0.803413534935274, 0.612, 0.0]
[0.606, 0.85, 0.7141531515735952, 0.675, 0.0]
[0.604, 0.88, 0.715649447567358, 0.724, 0.0]
[0.607, 0.855, 0.8095949477351916, 0.731, 0.489]
[0.604, 0.837, 0.7251224556721181, 0.65, 0.0]
[0.606, 0.661, 0.8102177515344557, 0.586, 0.0]
[0.602, 0.454, 0.8021466641835386, 0.574, 0.0]
[0.606, 0.834, 0.7294877775465869, 0.745, 0.0]
[0.601, 0.866, 0.777040111123404, 0.761, 0.489]
[0.611, 0.47, 0.8077335463092827, 0.691, 0.0]
[0.609, 0.663, 0.7927946071965624, 0.763, 0.0]
[0.612, 0.376, 0.7778787751268785, 0.679, 0.0]
[0.606, 0.765, 0.7522203322203322, 0.781, 0.0]
[0.601, 0.658, 0.8653672844181859, 0.51, 0.0]
[0.612, 0.789, 0.8062687312687312, 0.527, 0.0]
[0.609, 0.847, 0.7937949281439196, 0.588, 0.0]
[0.602, 0.349, 0.7822833792593791, 0.672, 0.0]
[0.603, 0.886, 0.7739167794762821, 0.606, 0.0]
[0.608, 0.761, 0.7750054568008249, 0.541, 0.0]
[0.609, 0.902, 0.7660740071669352, 0.648, 0.0]
[0.604, 0.79, 0.7914781603378429, 0.657, 0.0]
[0.615, 0.713, 0.7859036091717526, 0.705, 0.489]
[0.613, 0.659, 0.8350082656057023, 0.657, 0.0]
[0.598, 0.796, 0.7544985174008696, 0.671, 0.0]
[0.611, 0.533, 0.7539001729325534, 0.609, 0.0]
[0.601, 0.777, 0.7818360071301248, 0.599, 0.0]
[0.607, 0.858, 0.7255622893342963, 0.604, 0.0]
[0.613, 0.331, 0.7940114600723608, 0.697, 0.0]
[0.614, 0.83, 0.7334228455461331, 0.664, 0.0]
[0.608, 0.83, 0.7968357017925236, 0.646, 0.0]
[0.595, 0.57, 0.7737933689804493, 0.674, 0.0]
[0.614, 0.713, 0.774241364771769, 0.655, 0.489]
[0.604, 0.827, 0.8401015797068428, 0.679, 0.489]
[0.597, 0.798, 0.7659282822440717, 0.597, 0.0]
[0.602, 0.632, 0.7619514967752348, 0.766, 0.0]
[0.616, 0.41, 0.7601041004371736, 0.726, 0.0]
[0.608, 0.784, 0.7713000259174245, 0.672, 0.0]
[0.599, 0.763, 0.7399846242339772, 0.68, 0.0]
[0.599, 0.91, 0.7382152744701119, 0.735, 0.0]
[0.607, 0.902, 0.7502908496732026, 0.632, 0.0]
[0.611, 0.727, 0.785193200220802, 0.735, 0.0]
[0.609, 0.862, 0.792150355068673, 0.568, 0.0]
[0.605, 0.534, 0.7893410170960431, 0.663, 0.0]
[0.618, 0.416, 0.7531766406689859, 0.757, 0.0]
[0.616, 0.797, 0.7331135592971133, 0.745, 0.488]
[0.602, 0.746, 0.8388333388096934, 0.481, 0.0]
[0.606, 0.817, 0.7195465580024276, 0.744, 0.0]
[0.598, 0.775, 0.7911870061779318, 0.636, 0.0]
[0.613, 0.406, 0.7925743591858629, 0.694, 0.0]
[0.588, 0.655, 0.8444600328248801, 0.589, 0.0]
[0.613, 0.474, 0.7945697479843822, 0.714, 0.0]
[0.602, 0.447, 0.7841197715187975, 0.595, 0.0]
[0.585, 0.634, 0.8550125488786366, 0.542, 0.0]
[0.599, 0.688, 0.7557302392870384, 0.493, 0.0]
[0.604, 0.836, 0.747009177169704, 0.739, 0.0]
[0.609, 0.82, 0.7522627637485193, 0.758, 0.0]
[0.618, 0.532, 0.7889263795842385, 0.643, 0.0]
[0.611, 0.804, 0.7588007868575088, 0.728, 0.0]
[0.618, 0.891, 0.7680664570679815, 0.74, 0.488]
[0.605, 0.929, 0.7826926938075173, 0.664, 0.0]
[0.601, 0.853, 0.761555854984061, 0.679, 0.0]
[0.605, 0.726, 0.7916665512198876, 0.688, 0.0]
[0.593, 0.666, 0.8420505458566603, 0.492, 0.0]
[0.611, 0.777, 0.7429081229174981, 0.745, 0.0]
[0.591, 0.77, 0.8368465477552396, 0.636, 0.0]
[0.606, 0.667, 0.7284856930509105, 0.691, 0.0]
[0.603, 0.858, 0.8051953188164731, 0.686, 0.0]
[0.611, 0.946, 0.7298347078806493, 0.749, 0.489]
[0.611, 0.643, 0.7974245472837023, 0.742, 0.0]
[0.59, 0.612, 0.8716497646290984, 0.525, 0.0]
[0.603, 0.921, 0.7584023009305354, 0.663, 0.0]
[0.611, 0.709, 0.7313064875740931, 0.731, 0.0]
[0.611, 0.834, 0.7310444317587175, 0.738, 0.0]
[0.596, 0.759, 0.8212823331719312, 0.44, 0.0]
[0.612, 0.674, 0.7721468030614371, 0.671, 0.0]
[0.615, 0.435, 0.7576289034132171, 0.741, 0.0]
[0.588, 0.653, 0.7924626574563558, 0.718, 0.0]
[0.595, 0.789, 0.7900590707631546, 0.599, 0.0]
[0.607, 0.614, 0.8126272291359932, 0.649, 0.0]
[0.609, 0.862, 0.7529819239068465, 0.75, 0.0]
[0.605, 0.745, 0.7927981388112306, 0.615, 0.0]
[0.609, 0.79, 0.7282430140480988, 0.768, 0.0]
[0.609, 0.901, 0.6542516659174056, 0.776, 0.0]
[0.602, 0.575, 0.7628342749092131, 0.588, 0.0]
[0.603, 0.876, 0.7092250973355849, 0.741, 0.0]
[0.609, 0.819, 0.7584489690461786, 0.726, 0.0]
[0.603, 0.779, 0.7914732372536915, 0.764, 0.0]
[0.621, 0.483, 0.7447569570999224, 0.669, 0.0]
[0.605, 0.822, 0.6956103808348653, 0.647, 0.0]
[0.616, 0.673, 0.8254962336840894, 0.538, 0.488]
[0.615, 0.646, 0.7924499802593881, 0.71, 0.489]
[0.62, 0.552, 0.7881956521878728, 0.674, 0.488]
[0.603, 0.875, 0.7487917483228087, 0.768, 0.0]
[0.61, 0.892, 0.6928342511510337, 0.711, 0.0]
[0.595, 0.796, 0.7835542644614655, 0.59, 0.0]
[0.595, 0.733, 0.7730224570933711, 0.655, 0.0]
[0.603, 0.841, 0.7825964135286791, 0.613, 0.0]
[0.614, 0.835, 0.792946567331571, 0.612, 0.489]
[0.611, 0.911, 0.7536257221039829, 0.779, 0.0]
[0.611, 0.814, 0.7348018512652659, 0.682, 0.0]
[0.603, 0.839, 0.6863772170752709, 0.77, 0.0]
[0.581, 0.502, 0.8285903274089088, 0.486, 0.0]
[0.607, 0.887, 0.7694791659518033, 0.723, 0.489]
[0.604, 0.882, 0.7738819363465098, 0.69, 0.0]
[0.606, 0.784, 0.7436953730265597, 0.698, 0.0]
[0.592, 0.587, 0.7873053132080399, 0.599, 0.0]
[0.611, 0.896, 0.7320987145682267, 0.747, 0.0]
[0.6, 0.752, 0.7726410584720443, 0.69, 0.0]
[0.607, 0.912, 0.7265858348605629, 0.726, 0.0]
[0.622, 0.624, 0.7868046206358371, 0.55, 0.488]
[0.611, 0.948, 0.7216476466657376, 0.776, 0.489]
[0.604, 0.911, 0.7588652060014289, 0.726, 0.0]
[0.597, 0.616, 0.758530968278646, 0.48, 0.0]
[0.613, 0.643, 0.7677756782046101, 0.604, 0.0]
[0.599, 0.9, 0.7636411039548079, 0.727, 0.489]
[0.606, 0.922, 0.7949689985022168, 0.663, 0.489]
[0.609, 0.628, 0.7682607932607932, 0.755, 0.0]
[0.6, 0.711, 0.8149475407084102, 0.497, 0.0]
[0.587, 0.58, 0.8199832954699019, 0.327, 0.0]
[0.577, 0.544, 0.8758541897628687, 0.547, 0.0]
[0.598, 0.859, 0.7772711442786069, 0.598, 0.0]
[0.594, 0.595, 0.7596123506874014, 0.601, 0.0]
[0.583, 0.576, 0.840764668717757, 0.56, 0.0]
[0.594, 0.746, 0.7613481911139698, 0.61, 0.0]
[0.616, 0.3, 0.7598310689039884, 0.607, 0.0]
[0.595, 0.789, 0.8114858353031833, 0.452, 0.0]
[0.609, 0.9, 0.7249337654215703, 0.74, 0.0]
[0.612, 0.853, 0.7279171584434743, 0.698, 0.0]
[0.6, 0.898, 0.7802114467643986, 0.676, 0.0]
[0.61, 0.891, 0.7069060277219896, 0.694, 0.0]
[0.611, 0.591, 0.7740073988041468, 0.723, 0.0]
[0.614, 0.863, 0.7679670857342413, 0.616, 0.0]
[0.608, 0.691, 0.747569280227508, 0.664, 0.0]
[0.608, 0.675, 0.7921138269019625, 0.635, 0.0]
[0.604, 0.642, 0.8148534550445874, 0.689, 0.0]
[0.602, 0.738, 0.7057522224991692, 0.71, 0.0]
[0.612, 0.657, 0.7743089317463895, 0.677, 0.0]
[0.608, 0.862, 0.7383962267517299, 0.627, 0.0]
[0.602, 0.552, 0.774925176322997, 0.652, 0.0]
[0.605, 0.756, 0.73100584898972, 0.699, 0.0]
[0.601, 0.846, 0.8010074989702793, 0.614, 0.0]
[0.618, 0.339, 0.7836848557412142, 0.672, 0.0]
[0.608, 0.828, 0.8231709191362474, 0.554, 0.489]
[0.602, 0.862, 0.8029261263050578, 0.606, 0.0]
[0.602, 0.598, 0.7386764705882354, 0.8, 0.489]
[0.601, 0.651, 0.7991954022988506, 0.694, 0.0]
[0.58, 0.392, 0.8423267496979274, 0.484, 0.0]
[0.571, 0.387, 0.7154465942764567, 0.319, 0.0]
[0.603, 0.784, 0.7712761726302788, 0.661, 0.0]
[0.602, 0.629, 0.7722028212838085, 0.656, 0.0]
[0.605, 0.891, 0.8038359966075526, 0.669, 0.489]
[0.614, 0.849, 0.7943502259831035, 0.66, 0.489]
[0.609, 0.445, 0.785157109345535, 0.713, 0.0]
[0.613, 0.493, 0.7010369533614086, 0.749, 0.0]
[0.614, 0.89, 0.8022136339967222, 0.574, 0.489]
[0.605, 0.826, 0.7368221703841162, 0.637, 0.0]
[0.602, 0.777, 0.821582569797895, 0.572, 0.0]
[0.614, 0.869, 0.7687976760330388, 0.696, 0.489]
[0.613, 0.516, 0.8175196574248769, 0.46, 0.0]
[0.585, 0.182, 0.8418650793650793, 0.344, 0.0]
[0.587, 0.354, 0.8914781564077339, 0.296, 0.0]
[0.608, 0.81, 0.8183375668943749, 0.536, 0.0]
[0.595, 0.846, 0.7401120739589049, 0.7, 0.0]
[0.588, 0.497, 0.8346673563101885, 0.638, 0.0]
[0.608, 0.541, 0.7766770601812907, 0.692, 0.0]
[0.609, 0.635, 0.7918413645919922, 0.583, 0.0]
[0.598, 0.749, 0.7390784512185441, 0.633, 0.0]
[0.609, 0.926, 0.7834105587530245, 0.633, 0.489]
[0.603, 0.52, 0.8036623848306658, 0.667, 0.0]
[0.62, 0.458, 0.7409032634032634, 0.663, 0.0]
[0.59, 0.363, 0.8213316290106649, 0.561, 0.0]
[0.575, 0.325, 0.7398304298941584, 0.431, 0.0]
[0.61, 0.686, 0.7556166063581174, 0.784, 0.489]
[0.598, 0.835, 0.6609898804216741, 0.743, 0.0]
[0.583, 0.493, 0.8749319308142838, 0.509, 0.0]
[0.586, 0.62, 0.7321631674244471, 0.654, 0.0]
[0.608, 0.651, 0.7391534978886423, 0.712, 0.0]
[0.588, 0.477, 0.782025133809244, 0.68, 0.0]
[0.595, 0.224, 0.853978864272982, 0.628, 0.0]
[0.618, 0.554, 0.7617307812959986, 0.751, 0.488]
[0.616, 0.602, 0.7881037778874189, 0.714, 0.488]
[0.597, 0.43, 0.8375429655090671, 0.418, 0.0]
[0.603, 0.494, 0.7995385316437948, 0.49, 0.0]
[0.595, 0.583, 0.777321704733068, 0.531, 0.0]
[0.614, 0.797, 0.7536966230622947, 0.76, 0.489]
[0.607, 0.476, 0.8079912006186127, 0.673, 0.0]
[0.611, 0.657, 0.771248164443895, 0.71, 0.0]
[0.592, 0.834, 0.8063071191492244, 0.669, 0.0]
[0.619, 0.427, 0.7651723014143892, 0.578, 0.0]
[0.594, 0.599, 0.8037684004331829, 0.568, 0.0]
[0.611, 0.646, 0.7296516720265642, 0.787, 0.489]
[0.609, 0.46, 0.8183929249050191, 0.633, 0.0]
[0.607, 0.379, 0.7798952762923351, 0.682, 0.0]
[0.605, 0.709, 0.7913166391790222, 0.791, 0.0]
[0.61, 0.457, 0.8264823848238482, 0.752, 0.0]
[0.614, 0.808, 0.7345844435926983, 0.698, 0.0]
[0.612, 0.824, 0.7559011626429156, 0.776, 0.0]
[0.595, 0.322, 0.8686140561947013, 0.555, 0.0]
[0.593, 0.414, 0.7810973435724856, 0.609, 0.0]
[0.577, 0.338, 0.8445991183957284, 0.544, 0.0]
[0.602, 0.642, 0.8082498531234321, 0.539, 0.0]
[0.606, 0.626, 0.8073074341357924, 0.612, 0.0]
[0.595, 0.682, 0.8156742173470932, 0.521, 0.0]
[0.604, 0.822, 0.7438618717131565, 0.6, 0.0]
[0.595, 0.647, 0.7570575421248289, 0.537, 0.0]
[0.596, 0.354, 0.7833668526366835, 0.362, 0.0]
[0.618, 0.591, 0.7455438451528553, 0.607, 0.488]
[0.595, 0.53, 0.7264310776942355, 0.591, 0.0]
[0.617, 0.62, 0.6968161944151874, 0.509, 0.0]
[0.613, 0.454, 0.767349566936286, 0.515, 0.0]
[0.599, 0.781, 0.8237745105207817, 0.528, 0.0]
[0.596, 0.65, 0.7778781066581518, 0.507, 0.0]
[0.59, 0.576, 0.8012648198926853, 0.372, 0.0]
[0.601, 0.673, 0.7709320603592016, 0.539, 0.0]
[0.611, 0.445, 0.7450823751050263, 0.658, 0.0]
[0.603, 0.84, 0.7778736471861472, 0.747, 0.489]
[0.601, 0.753, 0.7691752107791021, 0.661, 0.0]
[0.605, 0.868, 0.7298775643860784, 0.684, 0.0]
[0.597, 0.807, 0.760495861030378, 0.789, 0.0]
[0.618, 0.346, 0.7647249796077839, 0.671, 0.0]
[0.606, 0.857, 0.7987291556650824, 0.737, 0.489]
[0.602, 0.537, 0.784093277930897, 0.573, 0.0]
[0.602, 0.691, 0.7777142857142857, 0.642, 0.0]
[0.598, 0.782, 0.8021823384833211, 0.641, 0.0]
[0.602, 0.474, 0.8076640513423772, 0.592, 0.0]
[0.609, 0.633, 0.8243583586255625, 0.415, 0.0]
[0.614, 0.838, 0.7264438761011651, 0.698, 0.0]
[0.606, 0.33, 0.7265416941069115, 0.691, 0.0]
[0.605, 0.354, 0.8275905501806315, 0.666, 0.0]
[0.615, 0.831, 0.7088804252729919, 0.736, 0.0]
[0.608, 0.639, 0.7957481490767506, 0.551, 0.0]
[0.602, 0.694, 0.6949796185866967, 0.663, 0.0]
[0.606, 0.68, 0.7430797101449275, 0.794, 0.489]
[0.61, 0.669, 0.7972619047619047, 0.733, 0.0]
[0.615, 0.59, 0.7996351022341732, 0.713, 0.489]
[0.62, 0.784, 0.7205037716537503, 0.688, 0.488]
[0.595, 0.732, 0.8376107356679074, 0.755, 0.0]
[0.609, 0.836, 0.7207980273448759, 0.728, 0.0]
[0.613, 0.833, 0.7492937095748919, 0.717, 0.0]
[0.609, 0.91, 0.7856525338943328, 0.694, 0.489]
[0.604, 0.324, 0.7488196377132132, 0.511, 0.0]
[0.601, 0.276, 0.7398072945999012, 0.488, 0.0]
[0.601, 0.833, 0.7532436244571784, 0.718, 0.0]
[0.613, 0.375, 0.7934848463373632, 0.584, 0.0]
[0.62, 0.415, 0.7777550110663585, 0.749, 0.488]
[0.617, 0.714, 0.7860049230122439, 0.719, 0.488]
[0.595, 0.635, 0.8269810744810744, 0.625, 0.0]
[0.616, 0.644, 0.6642745426616394, 0.684, 0.0]
[0.619, 0.717, 0.6881360117881857, 0.662, 0.0]
[0.601, 0.291, 0.8551954932265482, 0.335, 0.0]
[0.6, 0.427, 0.766176306249525, 0.664, 0.0]
[0.592, 0.613, 0.8639753413703304, 0.609, 0.0]
[0.604, 0.434, 0.7312615665633186, 0.713, 0.0]
[0.606, 0.828, 0.8002247511824124, 0.632, 0.0]
[0.606, 0.617, 0.7620636377666201, 0.743, 0.0]
[0.595, 0.513, 0.8735083148463431, 0.368, 0.0]
[0.608, 0.896, 0.7828674389667107, 0.709, 0.489]
[0.613, 0.703, 0.7940998657705287, 0.65, 0.0]
[0.601, 0.474, 0.7952297047294619, 0.587, 0.0]
[0.597, 0.623, 0.7450953508838349, 0.553, 0.0]
[0.612, 0.787, 0.7992752944034038, 0.617, 0.0]
[0.612, 0.795, 0.7783940812514325, 0.71, 0.0]
[0.609, 0.448, 0.7359070498039496, 0.641, 0.0]
[0.61, 0.67, 0.7763864762355888, 0.739, 0.0]
[0.598, 0.23, 0.7447672019627523, 0.707, 0.0]
[0.609, 0.738, 0.746407570945024, 0.759, 0.0]
[0.611, 0.386, 0.7532427874279369, 0.737, 0.0]
[0.614, 0.913, 0.6632627788877788, 0.755, 0.489]
[0.611, 0.509, 0.7649698835709502, 0.626, 0.0]
[0.609, 0.67, 0.7587004073768827, 0.73, 0.0]
[0.609, 0.917, 0.769896089450884, 0.71, 0.489]
[0.608, 0.912, 0.6402193497845672, 0.816, 0.489]
[0.595, 0.726, 0.7460002456204988, 0.586, 0.0]
[0.609, 0.755, 0.7745538101604279, 0.683, 0.0]
[0.609, 0.764, 0.7195780694233037, 0.719, 0.0]
[0.599, 0.863, 0.7913462050244837, 0.63, 0.0]
[0.603, 0.825, 0.7656513445443507, 0.543, 0.0]
[0.6, 0.637, 0.767225011777342, 0.628, 0.0]
[0.589, 0.416, 0.8691448844030365, 0.344, 0.0]
[0.598, 0.571, 0.7652309047862781, 0.731, 0.0]
[0.598, 0.463, 0.742835404160268, 0.643, 0.0]
[0.602, 0.604, 0.798922807429695, 0.624, 0.0]
[0.605, 0.772, 0.7096937678703802, 0.671, 0.0]
[0.608, 0.703, 0.7201962236208812, 0.6, 0.0]
[0.593, 0.344, 0.8096567035905271, 0.406, 0.0]
[0.613, 0.654, 0.7029977537845318, 0.765, 0.0]
[0.614, 0.925, 0.7443772379974911, 0.71, 0.489]
[0.606, 0.24, 0.785953535773664, 0.746, 0.0]
[0.597, 0.607, 0.8527172279921438, 0.586, 0.0]
[0.604, 0.46, 0.7814465245345787, 0.643, 0.0]
[0.606, 0.597, 0.7608012136573439, 0.466, 0.0]
[0.589, 0.729, 0.7940274903910118, 0.566, 0.0]
[0.611, 0.592, 0.7633688763810715, 0.657, 0.0]
[0.613, 0.567, 0.7595681964084581, 0.726, 0.0]
[0.603, 0.479, 0.7906403232703414, 0.602, 0.0]
[0.594, 0.684, 0.7320110324458151, 0.743, 0.0]
[0.6, 0.851, 0.7633119830438378, 0.723, 0.0]
[0.601, 0.832, 0.8211084133258046, 0.594, 0.0]
[0.599, 0.886, 0.7549057049665693, 0.669, 0.0]
[0.599, 0.604, 0.8099400402546855, 0.501, 0.0]
[0.604, 0.724, 0.8277713064089468, 0.579, 0.0]
[0.606, 0.757, 0.7495896439918179, 0.486, 0.0]
[0.601, 0.671, 0.8063850348483066, 0.554, 0.0]
[0.594, 0.59, 0.812663738876507, 0.496, 0.0]
[0.606, 0.77, 0.7654652747456304, 0.59, 0.0]
[0.593, 0.567, 0.8300375661017095, 0.598, 0.0]
[0.605, 0.82, 0.7364864876844782, 0.737, 0.0]
[0.598, 0.846, 0.769771363764485, 0.761, 0.0]
[0.598, 0.875, 0.793567121536533, 0.756, 0.489]
[0.596, 0.52, 0.7513017121078397, 0.684, 0.0]
[0.599, 0.731, 0.720390029235738, 0.672, 0.0]
[0.605, 0.461, 0.802200508950509, 0.62, 0.0]
[0.6, 0.582, 0.7487100010126326, 0.598, 0.0]
[0.575, 0.354, 0.8925332457854932, 0.418, 0.0]
[0.602, 0.765, 0.7257921151111579, 0.695, 0.0]
[0.601, 0.895, 0.717712536992198, 0.642, 0.0]
[0.606, 0.837, 0.7153805368117174, 0.775, 0.0]
[0.592, 0.714, 0.8026721344500356, 0.737, 0.0]
[0.602, 0.727, 0.7891820152059252, 0.514, 0.0]
[0.579, 0.416, 0.8872865180962459, 0.5, 0.0]
[0.614, 0.463, 0.7394508863121418, 0.726, 0.0]
[0.616, 0.504, 0.7504006675683585, 0.536, 0.0]
[0.614, 0.318, 0.7706527837369901, 0.732, 0.0]
[0.598, 0.648, 0.767071674987865, 0.606, 0.0]
[0.601, 0.679, 0.8206494691635033, 0.544, 0.0]
[0.605, 0.716, 0.7417689109136477, 0.549, 0.0]
[0.603, 0.679, 0.787656760801922, 0.572, 0.0]
[0.616, 0.529, 0.75164352277173, 0.672, 0.0]
[0.603, 0.877, 0.7614500723678038, 0.741, 0.0]
[0.614, 0.851, 0.7467672333704942, 0.759, 0.489]
[0.597, 0.545, 0.7823600693000186, 0.676, 0.0]
[0.597, 0.464, 0.8724368553897006, 0.416, 0.0]
[0.611, 0.922, 0.7231320815288351, 0.7, 0.0]
[0.61, 0.413, 0.7972140631932905, 0.524, 0.0]
[0.595, 0.388, 0.7825112762848612, 0.639, 0.0]
[0.603, 0.476, 0.7771793656868283, 0.644, 0.0]
[0.609, 0.703, 0.784093828440394, 0.619, 0.0]
[0.606, 0.308, 0.7515580925847415, 0.632, 0.0]
[0.616, 0.478, 0.7573311688311688, 0.696, 0.0]
[0.61, 0.83, 0.7395460834936385, 0.756, 0.0]
[0.602, 0.334, 0.746958984081129, 0.682, 0.0]
[0.594, 0.777, 0.7315419941900205, 0.779, 0.0]
[0.589, 0.586, 0.7383658445543022, 0.763, 0.0]
[0.603, 0.808, 0.7271389327341562, 0.791, 0.0]
[0.601, 0.58, 0.7575941747554116, 0.753, 0.0]
[0.609, 0.282, 0.7680920388591621, 0.597, 0.0]
[0.593, 0.443, 0.8243778912792996, 0.53, 0.0]
[0.619, 0.606, 0.7762898304208847, 0.761, 0.488]
[0.605, 0.904, 0.7162755219962529, 0.806, 0.489]
[0.609, 0.76, 0.7915905472867499, 0.645, 0.0]
[0.606, 0.693, 0.7405117692700596, 0.686, 0.0]
[0.631, 0.307, 0.8076937682909834, 0.64, 0.488]
[0.607, 0.614, 0.7442414360530303, 0.573, 0.0]
[0.616, 0.585, 0.8072327680623701, 0.605, 0.488]
[0.606, 0.751, 0.7873305761236796, 0.588, 0.0]
[0.616, 0.133, 0.7719563894101718, 0.593, 0.0]
[0.599, 0.485, 0.7887390450739782, 0.569, 0.0]
[0.599, 0.467, 0.7890873722974578, 0.658, 0.0]
[0.597, 0.622, 0.7168955063284684, 0.718, 0.0]
[0.598, 0.222, 0.846055833188533, 0.442, 0.0]
[0.593, 0.17, 0.7503841563381206, 0.363, 0.0]
[0.614, 0.738, 0.6639988452218688, 0.799, 0.489]
[0.603, 0.6, 0.7454866221372041, 0.675, 0.0]
[0.604, 0.799, 0.7487567379080386, 0.8, 0.489]
[0.602, 0.558, 0.7614243364757667, 0.786, 0.0]
[0.606, 0.801, 0.7939669646784757, 0.772, 0.0]
[0.619, 0.841, 0.7420200584640695, 0.679, 0.488]
[0.602, 0.766, 0.791473719105298, 0.575, 0.0]
[0.607, 0.688, 0.7494256618869448, 0.654, 0.0]
[0.617, 0.681, 0.7608008747318039, 0.762, 0.488]
[0.602, 0.807, 0.8083182442557442, 0.646, 0.0]
[0.608, 0.817, 0.7135846852693056, 0.765, 0.0]
[0.605, 0.843, 0.7277407862677987, 0.624, 0.0]
[0.613, 0.299, 0.7349486708545169, 0.632, 0.0]
[0.587, 0.274, 0.8099971482170611, 0.478, 0.0]
[0.605, 0.588, 0.7170626077606512, 0.72, 0.0]
[0.61, 0.625, 0.7489316580405254, 0.651, 0.0]
[0.592, 0.466, 0.7570397579192247, 0.644, 0.0]
[0.598, 0.512, 0.7842233516948129, 0.591, 0.0]
[0.602, 0.667, 0.8046418293234773, 0.631, 0.0]
[0.61, 0.317, 0.7822994280198383, 0.668, 0.0]
[0.618, 0.538, 0.7778615339965795, 0.766, 0.488]
[0.609, 0.888, 0.7677019947687463, 0.678, 0.0]
[0.604, 0.792, 0.7654460071318963, 0.731, 0.0]
[0.614, 0.804, 0.7275027980141597, 0.723, 0.0]
[0.602, 0.931, 0.7328985577212472, 0.786, 0.489]
[0.601, 0.905, 0.759069554797885, 0.646, 0.0]
[0.604, 0.78, 0.8009984197121729, 0.598, 0.0]
[0.601, 0.769, 0.7673715019042888, 0.592, 0.0]
[0.604, 0.779, 0.8117507509326842, 0.588, 0.0]
[0.611, 0.622, 0.7425578773545081, 0.564, 0.0]
[0.601, 0.586, 0.6999559057079109, 0.711, 0.0]
[0.604, 0.5, 0.7780984323553983, 0.553, 0.0]
[0.608, 0.877, 0.7417532532305066, 0.596, 0.0]
[0.596, 0.842, 0.7016382281510054, 0.782, 0.0]
[0.613, 0.518, 0.791265326148116, 0.73, 0.0]
[0.597, 0.685, 0.8178478149757219, 0.608, 0.0]
[0.596, 0.748, 0.7451679237418499, 0.773, 0.0]
[0.6, 0.711, 0.7466780805416019, 0.687, 0.0]
[0.618, 0.214, 0.8090332891644954, 0.556, 0.0]
[0.609, 0.89, 0.7137791299870679, 0.717, 0.0]
[0.607, 0.618, 0.6609963202416033, 0.803, 0.489]
[0.606, 0.83, 0.6410877577827419, 0.799, 0.489]
[0.609, 0.652, 0.7886383871556285, 0.775, 0.489]
[0.603, 0.859, 0.7463759601588971, 0.676, 0.0]
[0.605, 0.457, 0.8080797487818078, 0.755, 0.0]
[0.593, 0.465, 0.8183877254625305, 0.581, 0.0]
[0.619, 0.835, 0.7372283212944757, 0.591, 0.488]
[0.595, 0.923, 0.802620830638072, 0.713, 0.489]
[0.606, 0.595, 0.7659964726631394, 0.629, 0.0]
[0.61, 0.884, 0.6558315053347198, 0.788, 0.489]
[0.602, 0.791, 0.7148956114416394, 0.75, 0.0]
[0.601, 0.76, 0.7219116373822256, 0.649, 0.0]
[0.606, 0.641, 0.6998679322310676, 0.766, 0.0]
[0.606, 0.458, 0.7886057334326135, 0.682, 0.0]
[0.604, 0.679, 0.7750525084900084, 0.63, 0.0]
[0.609, 0.724, 0.6908780890471031, 0.68, 0.0]
[0.601, 0.66, 0.7473814039722472, 0.796, 0.0]
[0.595, 0.807, 0.6742907662474004, 0.601, 0.0]
[0.597, 0.603, 0.7100292230655657, 0.781, 0.0]
[0.601, 0.832, 0.7658492183164413, 0.559, 0.0]
[0.597, 0.764, 0.7415526739897658, 0.603, 0.0]
[0.604, 0.697, 0.7751161335663779, 0.75, 0.0]
[0.599, 0.641, 0.7682133246563532, 0.784, 0.0]
[0.599, 0.75, 0.8142585392365902, 0.516, 0.0]
[0.597, 0.727, 0.6492451285050845, 0.715, 0.0]
[0.609, 0.372, 0.7124505674505675, 0.7, 0.0]
[0.598, 0.679, 0.785119833678054, 0.6, 0.0]
[0.599, 0.29, 0.7963965114581812, 0.661, 0.0]
[0.619, 0.518, 0.6934742813145718, 0.724, 0.488]
[0.593, 0.706, 0.7490198915351045, 0.703, 0.0]
[0.594, 0.762, 0.8050747616988482, 0.649, 0.0]
[0.609, 0.286, 0.799251387110542, 0.722, 0.0]
[0.596, 0.67, 0.7639543052577406, 0.645, 0.0]
[0.599, 0.474, 0.6935380690737833, 0.686, 0.0]
[0.594, 0.24, 0.8357324551128638, 0.468, 0.0]
[0.602, 0.705, 0.7782650133005302, 0.634, 0.0]
[0.6, 0.869, 0.789545556717239, 0.725, 0.489]
[0.608, 0.905, 0.6221648029680484, 0.776, 0.0]
[0.606, 0.742, 0.7829619840253643, 0.734, 0.0]
[0.596, 0.877, 0.7647022860180754, 0.77, 0.489]
[0.61, 0.622, 0.7555303553468651, 0.671, 0.0]
[0.605, 0.601, 0.7625877432260411, 0.743, 0.0]
[0.606, 0.669, 0.6814281123207329, 0.766, 0.0]
[0.596, 0.722, 0.7284484722880805, 0.711, 0.0]
[0.605, 0.625, 0.6688671195108051, 0.767, 0.0]
[0.618, 0.148, 0.781047045119574, 0.644, 0.0]
[0.596, 0.671, 0.7626697265117952, 0.556, 0.0]
[0.598, 0.892, 0.7692460317460318, 0.648, 0.0]
[0.611, 0.712, 0.7603262740402604, 0.68, 0.0]
[0.602, 0.614, 0.8195887445887446, 0.599, 0.0]
[0.601, 0.829, 0.6944925905416598, 0.736, 0.0]
[0.609, 0.628, 0.7105493507584473, 0.708, 0.0]
[0.607, 0.758, 0.6817316017316017, 0.714, 0.0]
[0.607, 0.911, 0.71502768742303, 0.631, 0.0]
[0.605, 0.55, 0.7526129344234765, 0.742, 0.0]
[0.598, 0.849, 0.711271680226004, 0.68, 0.0]
[0.61, 0.629, 0.7575802893883734, 0.747, 0.0]
[0.612, 0.612, 0.7275886462820663, 0.664, 0.0]
[0.6, 0.652, 0.6179587762509723, 0.76, 0.0]
[0.614, 0.223, 0.7295358956739448, 0.726, 0.0]
[0.606, 0.479, 0.7896560928522953, 0.753, 0.0]
[0.603, 0.768, 0.7708126595780809, 0.676, 0.0]
[0.608, 0.821, 0.749350978355408, 0.698, 0.0]
[0.611, 0.797, 0.7075198299801093, 0.71, 0.0]
[0.6, 0.618, 0.5040299770175563, 0.776, 0.0]
[0.594, 0.662, 0.725947903612919, 0.731, 0.0]
[0.616, 0.349, 0.7694096426595902, 0.677, 0.0]
[0.611, 0.264, 0.7488355451470206, 0.714, 0.0]
[0.613, 0.816, 0.6734179498435424, 0.595, 0.0]
[0.613, 0.611, 0.7396271626066552, 0.729, 0.0]
[0.583, 0.642, 0.7349332442414929, 0.738, 0.0]
[0.599, 0.567, 0.7149581852668196, 0.665, 0.0]
[0.604, 0.814, 0.754881070323084, 0.61, 0.0]
[0.611, 0.768, 0.6894707907080401, 0.774, 0.0]
[0.602, 0.892, 0.7616161327231121, 0.528, 0.0]
[0.614, 0.628, 0.7692033388166453, 0.604, 0.0]
[0.595, 0.845, 0.6978192389152673, 0.767, 0.0]
[0.61, 0.675, 0.7714536391402063, 0.734, 0.0]
[0.602, 0.716, 0.7924323708559636, 0.715, 0.0]
[0.601, 0.424, 0.8087020929872517, 0.595, 0.0]
[0.602, 0.882, 0.7760775087139974, 0.757, 0.489]
[0.593, 0.498, 0.8393386564054421, 0.676, 0.0]
[0.61, 0.885, 0.7369613091754659, 0.653, 0.0]
[0.587, 0.618, 0.5865283177384301, 0.757, 0.0]
[0.593, 0.845, 0.5698192389152674, 0.767, 0.0]
[0.607, 0.843, 0.7727370815787429, 0.585, 0.0]
[0.615, 0.699, 0.7117896557530117, 0.756, 0.489]
[0.579, 0.61, 0.8012881576261536, 0.512, 0.0]
[0.591, 0.735, 0.8448838360819928, 0.661, 0.0]
[0.594, 0.773, 0.7830392451415424, 0.694, 0.0]
[0.587, 0.665, 0.7723247171803828, 0.703, 0.0]
[0.611, 0.83, 0.663984883848814, 0.784, 0.489]
[0.606, 0.597, 0.7753648030389827, 0.631, 0.0]
[0.599, 0.777, 0.7647864123581336, 0.68, 0.0]
[0.59, 0.801, 0.7439505169299359, 0.585, 0.0]
[0.602, 0.585, 0.8171362078506186, 0.618, 0.0]
[0.6, 0.52, 0.6938554462370958, 0.676, 0.0]
[0.599, 0.798, 0.8049538097419453, 0.602, 0.0]
[0.619, 0.266, 0.7302455211227854, 0.726, 0.0]
[0.607, 0.362, 0.7439234107879722, 0.674, 0.0]
[0.614, 0.548, 0.7701014739634515, 0.731, 0.0]
[0.609, 0.659, 0.7794516083192922, 0.727, 0.0]
[0.607, 0.467, 0.7320256591266082, 0.751, 0.0]
[0.604, 0.804, 0.7316702335620933, 0.655, 0.0]
[0.605, 0.72, 0.6758434633034128, 0.728, 0.0]
[0.595, 0.629, 0.7335906026274879, 0.522, 0.0]
[0.6, 0.584, 0.8291126197937885, 0.624, 0.0]
[0.602, 0.634, 0.7268072369044236, 0.759, 0.0]
[0.606, 0.769, 0.7017516670784998, 0.769, 0.0]
[0.613, 0.538, 0.7546941162794758, 0.781, 0.0]
[0.609, 0.609, 0.7506646446655157, 0.683, 0.0]
[0.61, 0.923, 0.6162343209099492, 0.776, 0.0]
[0.595, 0.805, 0.7751793708970772, 0.605, 0.0]
[0.61, 0.851, 0.7844922358657636, 0.578, 0.0]
[0.606, 0.39, 0.7093087045428645, 0.645, 0.0]
[0.6, 0.795, 0.7239929815209666, 0.582, 0.0]
[0.609, 0.563, 0.7570919575125048, 0.75, 0.0]
[0.602, 0.644, 0.6900682425530296, 0.726, 0.0]
[0.61, 0.852, 0.7331410861141368, 0.721, 0.0]
[0.602, 0.61, 0.7706027350906057, 0.632, 0.0]
[0.6, 0.83, 0.7418045731902003, 0.7, 0.0]
[0.607, 0.48, 0.6582025262935363, 0.753, 0.0]
[0.595, 0.75, 0.8258833060583886, 0.582, 0.0]
[0.596, 0.827, 0.7046986582765615, 0.759, 0.0]
[0.6, 0.364, 0.8517458736106509, 0.56, 0.0]
[0.602, 0.833, 0.7525956284153006, 0.74, 0.0]
[0.59, 0.785, 0.8571226851851853, 0.622, 0.0]
[0.578, 0.386, 0.7978947368421052, 0.66, 0.0]
[0.606, 0.47, 0.7674386189265789, 0.683, 0.0]
[0.596, 0.766, 0.6768434604711211, 0.785, 0.0]
[0.605, 0.839, 0.7061230015816359, 0.738, 0.0]
[0.618, 0.558, 0.7452559713688487, 0.752, 0.0]
[0.611, 0.359, 0.7677273742053001, 0.605, 0.0]
[0.604, 0.622, 0.7449486160026414, 0.727, 0.0]
[0.602, 0.855, 0.7492004423113674, 0.759, 0.0]
[0.606, 0.936, 0.6286858974358974, 0.794, 0.489]
[0.612, 0.732, 0.7598050777870055, 0.656, 0.0]
[0.586, 0.217, 0.9061729274231601, 0.392, 0.0]
[0.585, 0.528, 0.825275790716865, 0.652, 0.0]
[0.602, 0.766, 0.6863411353241862, 0.565, 0.0]
[0.602, 0.746, 0.7348461970873533, 0.644, 0.0]
[0.588, 0.726, 0.7714443526873538, 0.603, 0.0]
[0.603, 0.347, 0.8039506016371687, 0.626, 0.0]
[0.608, 0.869, 0.7044420069687993, 0.742, 0.0]
[0.608, 0.744, 0.6866832958719369, 0.761, 0.0]
[0.573, 0.218, 0.9141278532394594, 0.343, 0.0]
[0.6, 0.857, 0.778545588178272, 0.608, 0.0]
[0.599, 0.754, 0.7602653405041145, 0.69, 0.0]
[0.6, 0.78, 0.7266468401816764, 0.535, 0.0]
[0.612, 0.67, 0.7876199824060468, 0.722, 0.0]
[0.598, 0.67, 0.8131850066437996, 0.609, 0.0]
[0.594, 0.458, 0.762882787437582, 0.621, 0.0]
[0.609, 0.695, 0.733584951781673, 0.674, 0.0]
[0.609, 0.905, 0.6912284670953401, 0.606, 0.0]
[0.609, 0.781, 0.8453802907767103, 0.625, 0.0]
[0.622, 0.631, 0.7458217238765183, 0.642, 0.488]
[0.594, 0.467, 0.7611456237424548, 0.512, 0.0]
[0.581, 0.476, 0.8530275697235415, 0.453, 0.0]
[0.601, 0.501, 0.8095999914690479, 0.461, 0.0]
[0.614, 0.788, 0.7700237489153716, 0.603, 0.489]
[0.594, 0.73, 0.8220624817091016, 0.653, 0.0]
[0.601, 0.877, 0.8138234819351469, 0.54, 0.0]
[0.614, 0.805, 0.7178964661497487, 0.679, 0.0]
[0.606, 0.915, 0.6985801026040652, 0.722, 0.0]
[0.611, 0.864, 0.7637161813374833, 0.557, 0.0]
[0.601, 0.692, 0.7688230820629143, 0.561, 0.0]
[0.605, 0.812, 0.751243504522193, 0.718, 0.0]
[0.601, 0.627, 0.7169478876802429, 0.751, 0.0]
[0.605, 0.656, 0.8674700641449045, 0.506, 0.0]
[0.596, 0.443, 0.7691379676687626, 0.431, 0.0]
[0.579, 0.552, 0.8485904137114791, 0.447, 0.0]
[0.608, 0.919, 0.7117031368580824, 0.74, 0.0]
[0.609, 0.728, 0.6948032284322607, 0.742, 0.0]
[0.607, 0.795, 0.736287143521596, 0.712, 0.0]
[0.609, 0.54, 0.7787388699689624, 0.551, 0.0]
[0.606, 0.873, 0.7616247017306237, 0.678, 0.0]
[0.623, 0.528, 0.7847536316106818, 0.454, 0.488]
[0.601, 0.831, 0.7725334934348198, 0.546, 0.0]
[0.601, 0.855, 0.7749003846041809, 0.528, 0.0]
[0.606, 0.458, 0.7932096313675261, 0.659, 0.0]
[0.611, 0.289, 0.6935946716624534, 0.647, 0.0]
[0.6, 0.854, 0.6335012955289983, 0.687, 0.0]
[0.601, 0.657, 0.6868942367223883, 0.618, 0.0]
[0.603, 0.673, 0.7302732137221774, 0.615, 0.0]
[0.605, 0.837, 0.8029021424762828, 0.594, 0.0]
[0.587, 0.633, 0.8528385698808234, 0.608, 0.0]
[0.619, 0.827, 0.7354771200384613, 0.668, 0.488]
[0.606, 0.854, 0.712529747459086, 0.647, 0.0]
[0.609, 0.454, 0.7725355584154492, 0.632, 0.0]
[0.618, 0.549, 0.7792474106240821, 0.752, 0.488]
[0.602, 0.722, 0.7682998408017915, 0.726, 0.0]
[0.608, 0.739, 0.7438819090514005, 0.743, 0.0]
[0.593, 0.37, 0.7752190998495527, 0.671, 0.0]
[0.591, 0.449, 0.8489994595517123, 0.343, 0.0]
[0.611, 0.755, 0.7183816502018161, 0.791, 0.489]
[0.606, 0.454, 0.7761995192588185, 0.598, 0.0]
[0.612, 0.834, 0.656853131933777, 0.762, 0.0]
[0.609, 0.702, 0.7854057149219428, 0.631, 0.0]
[0.616, 0.664, 0.7798004378810577, 0.701, 0.0]
[0.615, 0.343, 0.7518669252333098, 0.557, 0.0]
[0.614, 0.672, 0.7767390996031357, 0.698, 0.0]
[0.609, 0.487, 0.7510258092193576, 0.67, 0.0]
[0.597, 0.779, 0.6735377358490566, 0.81, 0.489]
[0.602, 0.676, 0.8116004328152665, 0.551, 0.0]
[0.618, 0.886, 0.7734119697368069, 0.629, 0.488]
[0.601, 0.678, 0.6841565349544072, 0.708, 0.0]
[0.621, 0.468, 0.7099696761959742, 0.702, 0.0]
[0.604, 0.771, 0.7135926566170487, 0.577, 0.0]
[0.606, 0.834, 0.764385735831674, 0.579, 0.0]
[0.602, 0.904, 0.7668992046006972, 0.541, 0.0]
[0.617, 0.589, 0.7586260401763006, 0.681, 0.0]
[0.609, 0.519, 0.7672029301861636, 0.567, 0.0]
[0.606, 0.877, 0.7530487986281262, 0.699, 0.0]
[0.611, 0.689, 0.7448466981132076, 0.758, 0.0]
[0.597, 0.387, 0.77767906354141, 0.635, 0.0]
[0.613, 0.584, 0.7274616403901177, 0.721, 0.0]
[0.6, 0.927, 0.7795441705889468, 0.629, 0.0]
[0.61, 0.897, 0.7331093134866062, 0.748, 0.0]
[0.61, 0.66, 0.7223232140526274, 0.729, 0.0]
[0.604, 0.793, 0.778045647826195, 0.554, 0.0]
[0.607, 0.797, 0.6685827603900487, 0.721, 0.0]
[0.601, 0.657, 0.7407748429953909, 0.649, 0.0]
[0.612, 0.641, 0.7313080641617227, 0.635, 0.0]
[0.614, 0.777, 0.7308295168849122, 0.65, 0.0]
[0.594, 0.786, 0.8251560261751048, 0.59, 0.0]
[0.595, 0.139, 0.7710060885134522, 0.556, 0.0]
[0.599, 0.837, 0.7402061045297985, 0.752, 0.0]
[0.61, 0.618, 0.7640841141172755, 0.681, 0.0]
[0.599, 0.777, 0.8094985373859473, 0.492, 0.0]
[0.617, 0.589, 0.7813278396217966, 0.601, 0.488]
[0.603, 0.536, 0.7318805704099821, 0.654, 0.0]
[0.607, 0.393, 0.7175521667213889, 0.694, 0.0]
[0.597, 0.606, 0.7859551350084562, 0.633, 0.0]
[0.614, 0.29, 0.7672406437113964, 0.639, 0.0]
[0.614, 0.668, 0.6931363981326035, 0.746, 0.0]
[0.602, 0.574, 0.7457834180476037, 0.642, 0.0]
[0.604, 0.801, 0.722928278237027, 0.658, 0.0]
[0.602, 0.835, 0.7597370627841048, 0.684, 0.0]
[0.604, 0.671, 0.7309874040252601, 0.742, 0.0]
[0.595, 0.557, 0.7972424308832248, 0.715, 0.0]
[0.604, 0.595, 0.764275419702249, 0.755, 0.0]
[0.599, 0.8, 0.7606886500781687, 0.646, 0.0]
[0.596, 0.744, 0.7475263625263626, 0.564, 0.0]
[0.597, 0.644, 0.7502108103550047, 0.671, 0.0]
[0.567, 0.623, 0.8626895363151048, 0.574, 0.0]
[0.6, 0.401, 0.7815515152296103, 0.46, 0.0]
[0.602, 0.882, 0.7669271483794231, 0.665, 0.0]
[0.612, 0.772, 0.6485639605540248, 0.776, 0.0]
[0.58, 0.494, 0.8553587244611973, 0.422, 0.0]
[0.612, 0.672, 0.8314253610665672, 0.444, 0.0]
[0.6, 0.508, 0.7094325870159821, 0.375, 0.0]
[0.603, 0.514, 0.7240903373356204, 0.718, 0.0]
[0.595, 0.699, 0.7833230582112778, 0.67, 0.0]
[0.597, 0.781, 0.7801924165251839, 0.613, 0.0]
[0.614, 0.201, 0.7900584817650395, 0.714, 0.0]
[0.599, 0.592, 0.7526598893434406, 0.737, 0.0]
[0.605, 0.862, 0.7382297847415442, 0.788, 0.489]
[0.616, 0.456, 0.8057606781666357, 0.676, 0.0]
[0.597, 0.796, 0.7897060949886028, 0.592, 0.0]
[0.595, 0.421, 0.853918085279814, 0.238, 0.0]
[0.586, 0.818, 0.8048835865347621, 0.52, 0.0]
[0.614, 0.666, 0.7644371520449975, 0.614, 0.0]
[0.606, 0.771, 0.7773888888888889, 0.624, 0.0]
[0.601, 0.399, 0.7310301093286168, 0.643, 0.0]
[0.611, 0.889, 0.7563042515758445, 0.694, 0.0]
[0.609, 0.927, 0.7130715300520434, 0.785, 0.489]
[0.601, 0.586, 0.7662959007366902, 0.692, 0.0]
[0.619, 0.35, 0.7483834091212779, 0.768, 0.0]
[0.606, 0.458, 0.7326923614020389, 0.688, 0.0]
[0.596, 0.67, 0.7935314602833875, 0.448, 0.0]
[0.606, 0.83, 0.7673528704946215, 0.678, 0.0]
[0.604, 0.724, 0.740672136083095, 0.769, 0.0]
[0.602, 0.868, 0.753487474119155, 0.745, 0.0]
[0.619, 0.682, 0.7735064935064935, 0.594, 0.488]
[0.604, 0.856, 0.7613082311604888, 0.499, 0.0]
[0.618, 0.909, 0.7373250731419138, 0.625, 0.488]
[0.605, 0.918, 0.7468720862470862, 0.731, 0.0]
[0.611, 0.857, 0.6962724052537539, 0.715, 0.0]
[0.599, 0.695, 0.7986859627062162, 0.635, 0.0]
[0.6, 0.82, 0.7565600275197798, 0.698, 0.0]
[0.611, 0.829, 0.685662269241391, 0.685, 0.0]
[0.606, 0.613, 0.8405766526019691, 0.35, 0.0]
[0.597, 0.467, 0.7735984216735141, 0.658, 0.0]
[0.609, 0.846, 0.6455888508371385, 0.765, 0.0]
[0.606, 0.891, 0.7413766657918526, 0.777, 0.0]
[0.607, 0.788, 0.7790043007680091, 0.657, 0.0]
[0.606, 0.745, 0.7206261692571682, 0.529, 0.0]
[0.595, 0.379, 0.8727138918215136, 0.573, 0.0]
[0.601, 0.447, 0.7469509368681038, 0.63, 0.0]
[0.606, 0.797, 0.8070826066379584, 0.594, 0.0]
[0.614, 0.342, 0.7504421756932105, 0.667, 0.0]
[0.613, 0.879, 0.7126283404368758, 0.756, 0.0]
[0.619, 0.283, 0.707906204349384, 0.662, 0.0]
[0.606, 0.392, 0.7680608242594544, 0.663, 0.0]
[0.604, 0.156, 0.830514575777228, 0.555, 0.0]
[0.596, 0.601, 0.7862473347547975, 0.553, 0.0]
[0.595, 0.506, 0.7960888367551445, 0.586, 0.0]
[0.615, 0.521, 0.778255175240828, 0.648, 0.0]
[0.614, 0.487, 0.8178763798009323, 0.58, 0.0]
[0.596, 0.794, 0.7328324804186872, 0.726, 0.0]
[0.599, 0.652, 0.7846883656491701, 0.742, 0.0]
[0.619, 0.672, 0.75718312994703, 0.71, 0.488]
[0.614, 0.776, 0.7665664334846287, 0.721, 0.0]
[0.609, 0.921, 0.7623397310353832, 0.604, 0.489]
[0.62, 0.621, 0.757371714705048, 0.681, 0.488]
[0.604, 0.741, 0.7353449259797655, 0.617, 0.0]
[0.616, 0.611, 0.6959802350427351, 0.787, 0.488]
[0.602, 0.834, 0.747563975078796, 0.773, 0.0]
[0.607, 0.629, 0.7403935787714588, 0.814, 0.489]
[0.608, 0.902, 0.7113009471871412, 0.754, 0.0]
[0.597, 0.786, 0.7639081525638902, 0.718, 0.0]
[0.611, 0.538, 0.7674204112920533, 0.663, 0.0]
[0.609, 0.903, 0.7704696131608324, 0.654, 0.489]
[0.606, 0.813, 0.7732155787771174, 0.729, 0.0]
[0.611, 0.695, 0.736716845175897, 0.716, 0.0]
[0.609, 0.736, 0.7744953703703703, 0.684, 0.0]
[0.598, 0.752, 0.6545735600216893, 0.664, 0.0]
[0.612, 0.487, 0.7280991893083335, 0.737, 0.0]
[0.596, 0.733, 0.7628007676952484, 0.595, 0.0]
[0.606, 0.605, 0.7609876974299835, 0.677, 0.0]
[0.614, 0.681, 0.7741552654143118, 0.678, 0.0]
[0.606, 0.643, 0.8096634436673436, 0.497, 0.0]
[0.598, 0.674, 0.7729358972474547, 0.593, 0.0]
[0.602, 0.649, 0.7226819029850746, 0.581, 0.0]
[0.599, 0.686, 0.6528459401644413, 0.679, 0.0]
[0.588, 0.761, 0.7692981896854671, 0.691, 0.0]
[0.58, 0.25, 0.8725541309701832, 0.249, 0.0]
[0.599, 0.587, 0.7733755969317293, 0.539, 0.0]
[0.609, 0.656, 0.7912629377264102, 0.596, 0.0]
[0.6, 0.267, 0.8095779890903729, 0.572, 0.0]
[0.614, 0.804, 0.772588965088965, 0.671, 0.489]
[0.601, 0.718, 0.7862377400883591, 0.46, 0.0]
[0.611, 0.922, 0.7481389152561624, 0.623, 0.0]
[0.61, 0.855, 0.7891379240052185, 0.59, 0.0]
[0.594, 0.632, 0.7204018242327129, 0.568, 0.0]
[0.608, 0.549, 0.7391310655354233, 0.358, 0.0]
[0.618, 0.85, 0.7222605752873683, 0.644, 0.488]
[0.611, 0.659, 0.7131309933687049, 0.786, 0.489]
[0.617, 0.804, 0.6838992034113986, 0.724, 0.0]
[0.605, 0.841, 0.6900162394769931, 0.779, 0.0]
[0.606, 0.771, 0.7451650605894532, 0.742, 0.0]
[0.611, 0.613, 0.7333722651222652, 0.748, 0.0]
[0.614, 0.617, 0.7757960306740794, 0.56, 0.0]
[0.609, 0.514, 0.7427546138072454, 0.707, 0.0]
[0.602, 0.575, 0.7548083996969672, 0.588, 0.0]
[0.604, 0.883, 0.7806648768094735, 0.571, 0.0]
[0.593, 0.773, 0.849111218667044, 0.441, 0.0]
[0.605, 0.864, 0.7279678596886402, 0.644, 0.0]
[0.605, 0.831, 0.6870048630769071, 0.76, 0.0]
[0.606, 0.791, 0.8356671942973313, 0.655, 0.0]
[0.599, 0.512, 0.7650664105018092, 0.584, 0.0]
[0.605, 0.874, 0.7652110517134084, 0.754, 0.0]
[0.596, 0.592, 0.7413527628032345, 0.668, 0.0]
[0.598, 0.856, 0.7483369980571982, 0.735, 0.0]
[0.605, 0.824, 0.7465452313521254, 0.75, 0.0]
[0.612, 0.762, 0.7950719861211399, 0.69, 0.0]
[0.603, 0.465, 0.7458205758205758, 0.607, 0.0]
[0.614, 0.239, 0.7650083034068977, 0.451, 0.0]
[0.615, 0.762, 0.7012305160946791, 0.748, 0.489]
[0.607, 0.859, 0.7496869094710972, 0.727, 0.0]
[0.606, 0.671, 0.733130199620893, 0.764, 0.0]
[0.609, 0.733, 0.7489892435449327, 0.8, 0.489]
[0.597, 0.882, 0.7556776094276094, 0.572, 0.0]
[0.607, 0.564, 0.7533298401481194, 0.7, 0.0]
[0.618, 0.509, 0.7870057742547838, 0.624, 0.0]
[0.611, 0.778, 0.7670660488638299, 0.722, 0.0]
[0.6, 0.606, 0.8123001273088327, 0.594, 0.0]
[0.605, 0.527, 0.7616408098408468, 0.679, 0.0]
[0.609, 0.579, 0.7400784527821721, 0.672, 0.0]
[0.605, 0.524, 0.7420211380659142, 0.616, 0.0]
[0.6, 0.781, 0.8410132581814412, 0.571, 0.0]
[0.596, 0.773, 0.7247306265950755, 0.754, 0.0]
[0.59, 0.698, 0.8149777476177039, 0.667, 0.0]
[0.595, 0.8, 0.7508284600389864, 0.766, 0.0]
[0.6, 0.633, 0.8328643187287863, 0.602, 0.0]
[0.614, 0.901, 0.8082955112822321, 0.548, 0.489]
[0.604, 0.837, 0.7737802963636249, 0.764, 0.489]
[0.608, 0.784, 0.790455362698278, 0.578, 0.0]
[0.598, 0.588, 0.7850269976936644, 0.626, 0.0]
[0.606, 0.901, 0.7490860763017106, 0.733, 0.0]
[0.595, 0.592, 0.8054463400051636, 0.513, 0.0]
[0.604, 0.844, 0.7237332112332112, 0.604, 0.0]
[0.605, 0.854, 0.7275603560670773, 0.696, 0.0]
[0.602, 0.874, 0.7704629146261632, 0.794, 0.489]
[0.609, 0.641, 0.769972563487122, 0.765, 0.0]
[0.615, 0.745, 0.7772789275834702, 0.619, 0.489]
[0.613, 0.493, 0.769082588335462, 0.692, 0.0]
[0.583, 0.405, 0.8040200360160639, 0.567, 0.0]
[0.612, 0.405, 0.7053288357470076, 0.638, 0.0]
[0.609, 0.531, 0.7458164162790106, 0.743, 0.0]
[0.615, 0.522, 0.7304818675309873, 0.652, 0.0]
[0.601, 0.497, 0.7420529038276236, 0.65, 0.0]
[0.593, 0.274, 0.7795466570466569, 0.596, 0.0]
[0.6, 0.808, 0.7793259483955646, 0.649, 0.0]
[0.604, 0.749, 0.744329718837869, 0.641, 0.0]
[0.6, 0.771, 0.7911397247749756, 0.637, 0.0]
[0.606, 0.613, 0.7191097980421554, 0.654, 0.0]
[0.614, 0.369, 0.7485439540605612, 0.697, 0.0]
[0.605, 0.825, 0.7008177014094732, 0.75, 0.0]
[0.606, 0.802, 0.7064189723320158, 0.559, 0.0]
[0.618, 0.673, 0.7973463998635624, 0.692, 0.488]
[0.607, 0.787, 0.7733725008869206, 0.655, 0.0]
[0.619, 0.665, 0.7577577303774109, 0.739, 0.488]
[0.607, 0.369, 0.7230905248708593, 0.742, 0.0]
[0.613, 0.872, 0.7546337085387351, 0.661, 0.0]
[0.599, 0.489, 0.7548988824220427, 0.719, 0.0]
[0.608, 0.844, 0.7338504354637816, 0.582, 0.0]
[0.606, 0.457, 0.7102121535181238, 0.737, 0.0]
[0.609, 0.561, 0.7647395214848045, 0.726, 0.0]
[0.603, 0.554, 0.6806503943296396, 0.697, 0.0]
[0.587, 0.402, 0.8588522828246443, 0.538, 0.0]
[0.603, 0.804, 0.7291834813021254, 0.673, 0.0]
[0.615, 0.762, 0.6540969466965673, 0.727, 0.0]
[0.599, 0.702, 0.8024161207067699, 0.554, 0.0]
[0.599, 0.833, 0.7643662017126871, 0.586, 0.0]
[0.604, 0.814, 0.7318634065229506, 0.734, 0.0]
[0.579, 0.553, 0.8193744666325311, 0.515, 0.0]
[0.59, 0.259, 0.7801958137628713, 0.501, 0.0]
[0.608, 0.681, 0.707611271203975, 0.677, 0.0]
[0.607, 0.667, 0.7962312302423604, 0.676, 0.0]
[0.592, 0.693, 0.7834934112009584, 0.747, 0.0]
[0.608, 0.832, 0.709730054815684, 0.597, 0.0]
[0.6, 0.779, 0.7561813603727069, 0.719, 0.0]
[0.613, 0.827, 0.7368001504785223, 0.786, 0.489]
[0.598, 0.85, 0.6667908902691511, 0.703, 0.0]
[0.605, 0.927, 0.7416575834918333, 0.639, 0.0]
[0.595, 0.818, 0.8217666272090917, 0.55, 0.0]
[0.602, 0.45, 0.7620175574548078, 0.462, 0.0]
[0.595, 0.449, 0.7718179065148566, 0.685, 0.0]
[0.605, 0.765, 0.778966080242314, 0.665, 0.0]
[0.598, 0.708, 0.7357057034026127, 0.77, 0.0]
[0.606, 0.474, 0.7124348009713863, 0.764, 0.0]
[0.606, 0.806, 0.7900913457311293, 0.581, 0.0]
[0.606, 0.793, 0.7233798371314942, 0.683, 0.0]
[0.606, 0.303, 0.7365946694861742, 0.695, 0.0]
[0.601, 0.758, 0.7395067407328804, 0.563, 0.0]
[0.605, 0.88, 0.750887066150224, 0.611, 0.0]
[0.596, 0.187, 0.8029016924199797, 0.477, 0.0]
[0.595, 0.092, 0.60760555363698, 0.48, 0.0]
[0.602, 0.897, 0.7537669013785533, 0.709, 0.0]
[0.604, 0.628, 0.7490645145044319, 0.604, 0.0]
[0.602, 0.827, 0.777619301822967, 0.681, 0.0]
[0.583, 0.418, 0.8177210267046928, 0.464, 0.0]
[0.609, 0.453, 0.7629770701995509, 0.73, 0.0]
[0.611, 0.837, 0.7513819655001113, 0.737, 0.0]
[0.597, 0.655, 0.8057139188004883, 0.424, 0.0]
[0.612, 0.849, 0.7106474464233085, 0.764, 0.0]
[0.607, 0.265, 0.7996884498850481, 0.652, 0.0]
[0.606, 0.878, 0.7177849927849927, 0.782, 0.0]
[0.607, 0.387, 0.731333805586523, 0.723, 0.0]
[0.609, 0.721, 0.7098085359341313, 0.744, 0.0]
[0.618, 0.646, 0.6825945770008967, 0.789, 0.488]
[0.602, 0.806, 0.7696585672392123, 0.645, 0.0]
[0.613, 0.729, 0.7923575313575314, 0.665, 0.0]
[0.602, 0.629, 0.7441635430247718, 0.675, 0.0]
[0.602, 0.679, 0.7860914906745271, 0.65, 0.0]
[0.597, 0.65, 0.8328488656723951, 0.463, 0.0]
[0.599, 0.516, 0.8199144686063291, 0.648, 0.0]
[0.602, 0.813, 0.7287455380876433, 0.678, 0.0]
[0.603, 0.675, 0.729656367597544, 0.754, 0.0]
[0.592, 0.557, 0.8081782306327345, 0.487, 0.0]
[0.618, 0.371, 0.7371712902947023, 0.654, 0.0]
[0.601, 0.771, 0.723100832917695, 0.652, 0.0]
[0.599, 0.743, 0.7987549394099052, 0.525, 0.0]
[0.619, 0.689, 0.8087175102488652, 0.572, 0.488]
[0.595, 0.52, 0.7905925303591143, 0.647, 0.0]
[0.611, 0.858, 0.7951422436546776, 0.605, 0.489]
[0.606, 0.936, 0.5545319002443936, 0.784, 0.489]
[0.589, 0.395, 0.7826439864483343, 0.557, 0.0]
[0.606, 0.673, 0.7126918642951251, 0.75, 0.0]
[0.609, 0.611, 0.6989347164647324, 0.724, 0.0]
[0.601, 0.814, 0.7564205049108251, 0.683, 0.0]
[0.611, 0.727, 0.7314756811815636, 0.733, 0.0]
[0.613, 0.842, 0.7232644992763599, 0.731, 0.0]
[0.618, 0.621, 0.7680012239499905, 0.71, 0.488]
[0.596, 0.895, 0.7953673835125448, 0.572, 0.489]
[0.61, 0.693, 0.7233028191628579, 0.724, 0.0]
[0.602, 0.83, 0.8054300497131839, 0.637, 0.0]
[0.609, 0.811, 0.7542395298200252, 0.683, 0.0]
[0.605, 0.843, 0.7746364236253942, 0.568, 0.0]
[0.615, 0.475, 0.7777330984917719, 0.667, 0.0]
[0.595, 0.266, 0.8013374125874126, 0.49, 0.0]
[0.59, 0.325, 0.6569364223676892, 0.499, 0.0]
[0.619, 0.529, 0.8139352035778225, 0.583, 0.488]
[0.609, 0.773, 0.6518624661813517, 0.707, 0.0]
[0.612, 0.721, 0.653050818912888, 0.809, 0.489]
[0.611, 0.435, 0.791147821265191, 0.746, 0.0]
[0.604, 0.547, 0.7315832306855812, 0.692, 0.0]
[0.611, 0.295, 0.7543532338308458, 0.742, 0.0]
[0.599, 0.574, 0.6922689216792991, 0.692, 0.0]
[0.607, 0.495, 0.7343929119579204, 0.654, 0.0]
[0.602, 0.819, 0.7239942422676608, 0.725, 0.0]
[0.597, 0.376, 0.8313570230589942, 0.47, 0.0]
[0.601, 0.493, 0.7737751967451876, 0.676, 0.0]
[0.605, 0.942, 0.7395337093741606, 0.711, 0.489]
[0.606, 0.905, 0.6796825396825397, 0.803, 0.489]
[0.61, 0.601, 0.761106897636503, 0.678, 0.0]
[0.602, 0.578, 0.7860703993346367, 0.523, 0.0]
[0.577, 0.419, 0.793562015503876, 0.376, 0.0]
[0.606, 0.471, 0.7795797592000123, 0.635, 0.0]
[0.599, 0.578, 0.7434982390490865, 0.608, 0.0]
[0.598, 0.662, 0.7331662902315076, 0.725, 0.0]
[0.607, 0.649, 0.7964552087522054, 0.519, 0.0]
[0.588, 0.837, 0.8012536620787853, 0.537, 0.0]
[0.598, 0.746, 0.7914162802867123, 0.693, 0.0]
[0.6, 0.626, 0.7196542671038639, 0.742, 0.0]
[0.594, 0.714, 0.740306863542697, 0.744, 0.0]
[0.596, 0.783, 0.7441102554796417, 0.697, 0.0]
[0.604, 0.82, 0.7155295382160693, 0.69, 0.0]
[0.599, 0.822, 0.5950135390924864, 0.724, 0.0]
[0.593, 0.749, 0.8509757623561522, 0.456, 0.0]
[0.606, 0.833, 0.690094107818566, 0.666, 0.0]
[0.606, 0.627, 0.7414417075281985, 0.639, 0.0]
[0.598, 0.766, 0.798623255925752, 0.602, 0.0]
[0.608, 0.46, 0.7959766550061909, 0.618, 0.0]
[0.622, 0.649, 0.7220594061444692, 0.713, 0.488]
[0.609, 0.665, 0.6750772839176575, 0.766, 0.0]
[0.6, 0.822, 0.7689568400040017, 0.579, 0.0]
[0.606, 0.844, 0.7385965135253406, 0.5, 0.0]
[0.596, 0.722, 0.6836664693614323, 0.641, 0.0]
[0.602, 0.787, 0.8045084700546885, 0.569, 0.0]
[0.595, 0.856, 0.7350374955789106, 0.718, 0.0]
[0.609, 0.881, 0.7143655782874798, 0.653, 0.0]
[0.61, 0.614, 0.7171552950474183, 0.701, 0.0]
[0.606, 0.81, 0.6784836716479155, 0.718, 0.0]
[0.621, 0.844, 0.7792462514212228, 0.643, 0.488]
[0.596, 0.643, 0.798001000143585, 0.676, 0.0]
[0.607, 0.661, 0.8394106459744266, 0.606, 0.0]
[0.608, 0.942, 0.6736900352568768, 0.808, 0.489]
[0.616, 0.54, 0.7494595334645022, 0.687, 0.0]
[0.606, 0.717, 0.7856590072993384, 0.626, 0.0]
[0.611, 0.772, 0.7432408795602199, 0.667, 0.0]
[0.608, 0.681, 0.7275223663458958, 0.786, 0.0]
[0.601, 0.674, 0.6875900865721309, 0.726, 0.0]
[0.606, 0.847, 0.7879687473589911, 0.597, 0.0]
[0.609, 0.679, 0.7846771022362617, 0.611, 0.0]
[0.588, 0.425, 0.8290874688106185, 0.495, 0.0]
[0.607, 0.532, 0.7447799543451717, 0.784, 0.0]
[0.611, 0.73, 0.7879497423113758, 0.598, 0.0]
[0.606, 0.402, 0.7396380795269708, 0.709, 0.0]
[0.616, 0.688, 0.7418778435598272, 0.574, 0.0]
[0.611, 0.753, 0.7412694057836344, 0.762, 0.0]
[0.608, 0.676, 0.7196050382366173, 0.753, 0.0]
[0.598, 0.788, 0.7672725089085289, 0.674, 0.0]
[0.604, 0.794, 0.7224044969894116, 0.582, 0.0]
[0.606, 0.431, 0.8117094395916598, 0.671, 0.0]
[0.609, 0.437, 0.7900736167384828, 0.691, 0.0]
[0.609, 0.722, 0.8087176995191294, 0.582, 0.0]
[0.599, 0.51, 0.734035468761804, 0.711, 0.0]
[0.6, 0.834, 0.7167822670187611, 0.686, 0.0]
[0.594, 0.606, 0.636419863661243, 0.68, 0.0]
[0.607, 0.611, 0.7379893273421014, 0.524, 0.0]
[0.612, 0.75, 0.6797260748224624, 0.716, 0.0]
[0.588, 0.442, 0.8265714762654649, 0.579, 0.0]
[0.577, 0.473, 0.7326036091288208, 0.666, 0.0]
[0.609, 0.482, 0.775808559453892, 0.692, 0.0]
[0.604, 0.515, 0.8099975982271749, 0.607, 0.0]
[0.609, 0.761, 0.7670804144997694, 0.661, 0.0]
[0.606, 0.577, 0.7862215323110103, 0.423, 0.0]
[0.598, 0.468, 0.792123086814482, 0.443, 0.0]
[0.606, 0.8, 0.809276331222144, 0.732, 0.0]
[0.606, 0.939, 0.7249153519150366, 0.757, 0.0]
[0.609, 0.454, 0.759416429799628, 0.687, 0.0]
[0.614, 0.592, 0.6861419414084304, 0.704, 0.0]
[0.609, 0.703, 0.7811024820974313, 0.676, 0.0]
[0.594, 0.768, 0.689861117103642, 0.788, 0.0]
[0.612, 0.799, 0.741136032102221, 0.682, 0.0]
[0.608, 0.678, 0.7680767332146706, 0.617, 0.0]
[0.594, 0.77, 0.7130888357789062, 0.727, 0.0]
[0.609, 0.846, 0.7378973962336561, 0.589, 0.0]
[0.599, 0.755, 0.806380700647648, 0.703, 0.0]
[0.614, 0.813, 0.7541466666996529, 0.706, 0.0]
[0.608, 0.595, 0.6952226031657475, 0.712, 0.0]
[0.616, 0.636, 0.7688662484037532, 0.673, 0.0]
[0.593, 0.52, 0.8275315700050512, 0.512, 0.0]
[0.612, 0.787, 0.7222401106809608, 0.626, 0.0]
[0.602, 0.332, 0.8033901016754661, 0.538, 0.0]
[0.602, 0.493, 0.767692692697366, 0.494, 0.0]
[0.618, 0.311, 0.754596119668073, 0.569, 0.0]
[0.595, 0.903, 0.8058627732452228, 0.6, 0.489]
[0.594, 0.781, 0.8248828576155611, 0.584, 0.0]
[0.605, 0.846, 0.7387321905425354, 0.697, 0.0]
[0.603, 0.815, 0.6956834362603206, 0.76, 0.0]
[0.605, 0.723, 0.7056956559195365, 0.746, 0.0]
[0.615, 0.831, 0.8242361340347566, 0.668, 0.489]
[0.6, 0.857, 0.7004055329851709, 0.677, 0.0]
[0.61, 0.854, 0.7276910478662587, 0.699, 0.0]
[0.595, 0.733, 0.8060621097359537, 0.555, 0.0]
[0.592, 0.597, 0.7752122579018039, 0.622, 0.0]
[0.61, 0.852, 0.7135075268932605, 0.546, 0.0]
[0.611, 0.901, 0.7386202834576687, 0.597, 0.0]
[0.603, 0.846, 0.7013071294922619, 0.727, 0.0]
[0.609, 0.654, 0.7380065701800247, 0.723, 0.0]
[0.601, 0.799, 0.822058733468302, 0.507, 0.0]
[0.614, 0.589, 0.7383442024399939, 0.663, 0.0]
[0.609, 0.946, 0.668894367448472, 0.696, 0.0]
[0.61, 0.628, 0.7245235894279184, 0.72, 0.0]
[0.61, 0.566, 0.7118110252045383, 0.736, 0.0]
[0.601, 0.909, 0.7426966256997216, 0.742, 0.0]
[0.61, 0.697, 0.6818203108245052, 0.704, 0.0]
[0.611, 0.668, 0.7065308165308166, 0.671, 0.0]
[0.607, 0.627, 0.7161745896958507, 0.76, 0.0]
[0.613, 0.81, 0.8205121954963727, 0.507, 0.0]
[0.606, 0.924, 0.7366118225218766, 0.628, 0.0]
[0.609, 0.622, 0.7728072151861156, 0.69, 0.0]
[0.605, 0.781, 0.7544166154497116, 0.695, 0.0]
[0.611, 0.257, 0.8143583929330791, 0.5, 0.0]
[0.616, 0.732, 0.7686529183535762, 0.678, 0.488]
[0.61, 0.727, 0.7696627565982406, 0.668, 0.0]
[0.602, 0.611, 0.7995166256157635, 0.605, 0.0]
[0.585, 0.579, 0.8119822820750752, 0.571, 0.0]
[0.605, 0.656, 0.7402992984027467, 0.66, 0.0]
[0.601, 0.51, 0.7347973925299507, 0.602, 0.0]
[0.609, 0.573, 0.8196940277044777, 0.613, 0.0]
[0.602, 0.66, 0.7225619985546576, 0.608, 0.0]
[0.611, 0.798, 0.8036315613201802, 0.67, 0.0]
[0.607, 0.797, 0.7464840816807256, 0.674, 0.0]
[0.581, 0.441, 0.8130452440154063, 0.354, 0.0]
[0.594, 0.333, 0.840064737736561, 0.314, 0.0]
[0.616, 0.568, 0.6920585754574984, 0.818, 0.488]
[0.611, 0.932, 0.8003963667457047, 0.552, 0.489]
[0.606, 0.359, 0.6508507827164545, 0.729, 0.0]
[0.613, 0.498, 0.7784658029662432, 0.574, 0.0]
[0.594, 0.888, 0.8192504428870973, 0.526, 0.0]
[0.607, 0.753, 0.7535995410573206, 0.735, 0.0]
[0.614, 0.716, 0.7821709584318022, 0.68, 0.489]
[0.606, 0.748, 0.8025189646296409, 0.495, 0.0]
[0.611, 0.872, 0.683730434609884, 0.743, 0.0]
[0.609, 0.691, 0.7519011541775442, 0.589, 0.0]
[0.614, 0.818, 0.7727987622705933, 0.629, 0.0]
[0.606, 0.682, 0.8088041953261396, 0.549, 0.0]
[0.59, 0.507, 0.8527374517143196, 0.428, 0.0]
[0.58, 0.551, 0.8052814494498064, 0.6, 0.0]
[0.595, 0.426, 0.7802364319423745, 0.499, 0.0]
[0.608, 0.506, 0.7515491566536293, 0.569, 0.0]
[0.6, 0.686, 0.74278112436876, 0.592, 0.0]
[0.615, 0.514, 0.7431468479920492, 0.628, 0.0]
[0.605, 0.74, 0.7795477658613983, 0.63, 0.0]
[0.592, 0.572, 0.7711642452265552, 0.658, 0.0]
[0.595, 0.64, 0.8027698173286408, 0.619, 0.0]
[0.604, 0.695, 0.6712984682316686, 0.75, 0.0]
[0.593, 0.409, 0.7247664936608569, 0.678, 0.0]
[0.586, 0.605, 0.603021423021423, 0.718, 0.0]
[0.602, 0.843, 0.6399760141762829, 0.722, 0.0]
[0.6, 0.57, 0.7801218194321642, 0.707, 0.0]
[0.606, 0.79, 0.7175967252234521, 0.674, 0.0]
[0.588, 0.568, 0.6962352681694657, 0.726, 0.0]
[0.598, 0.77, 0.7368079539508111, 0.603, 0.0]
[0.602, 0.751, 0.7470235151013486, 0.663, 0.0]
[0.609, 0.824, 0.7076751967251438, 0.738, 0.0]
[0.6, 0.385, 0.8291619397759104, 0.693, 0.0]
[0.597, 0.624, 0.7012092365643974, 0.673, 0.0]
[0.598, 0.686, 0.7236477736103858, 0.684, 0.0]
[0.601, 0.451, 0.6923645920356447, 0.705, 0.0]
[0.614, 0.432, 0.7937508451656525, 0.748, 0.0]
[0.609, 0.604, 0.6851638231049996, 0.562, 0.0]
[0.58, 0.589, 0.6258971378918258, 0.71, 0.0]
[0.599, 0.815, 0.6923658154990655, 0.699, 0.0]
[0.594, 0.713, 0.7306074447195423, 0.548, 0.0]
[0.606, 0.814, 0.720186439804553, 0.664, 0.0]
[0.6, 0.626, 0.7423477589420038, 0.522, 0.0]
[0.609, 0.531, 0.7348598561681726, 0.728, 0.0]
[0.594, 0.795, 0.7186381332193894, 0.691, 0.0]
[0.602, 0.507, 0.7936036645841131, 0.618, 0.0]
[0.593, 0.638, 0.7588014821468674, 0.71, 0.0]
[0.597, 0.573, 0.723659158808095, 0.647, 0.0]
[0.593, 0.671, 0.6974539714671295, 0.715, 0.0]
[0.589, 0.604, 0.7878334364048649, 0.684, 0.0]
[0.596, 0.587, 0.6599133775115835, 0.747, 0.0]
[0.591, 0.565, 0.8020256352530498, 0.637, 0.0]
[0.594, 0.641, 0.8166158460037171, 0.555, 0.0]
[0.603, 0.626, 0.7586172059534989, 0.597, 0.0]
[0.588, 0.739, 0.8123289757445267, 0.589, 0.0]
[0.605, 0.796, 0.7078752574663025, 0.751, 0.0]
[0.606, 0.858, 0.678066599173812, 0.762, 0.0]
[0.592, 0.754, 0.7415191693236951, 0.702, 0.0]
[0.61, 0.87, 0.6560868219362437, 0.738, 0.0]
[0.578, 0.489, 0.805074103774986, 0.657, 0.0]
[0.595, 0.79, 0.7737154332823668, 0.614, 0.0]
[0.593, 0.664, 0.6624941860465117, 0.696, 0.0]
[0.595, 0.706, 0.7006201031137093, 0.667, 0.0]
[0.6, 0.605, 0.7208314328851244, 0.744, 0.0]
[0.588, 0.532, 0.7142969078398209, 0.693, 0.0]
[0.612, 0.629, 0.7464573070607553, 0.705, 0.0]
[0.608, 0.807, 0.7963049653118303, 0.667, 0.0]
[0.604, 0.876, 0.6648661316895975, 0.738, 0.0]
[0.61, 0.585, 0.7180896326172996, 0.701, 0.0]
[0.609, 0.437, 0.6857471824043748, 0.751, 0.0]
[0.595, 0.724, 0.7740597342324769, 0.61, 0.0]
[0.599, 0.725, 0.7440283400809717, 0.679, 0.0]
[0.586, 0.795, 0.7553999442586399, 0.693, 0.0]
[0.596, 0.779, 0.7887790192153861, 0.679, 0.0]
[0.596, 0.806, 0.7415141334962163, 0.731, 0.0]
[0.611, 0.753, 0.6361562986242393, 0.765, 0.0]
[0.602, 0.832, 0.7391641457525369, 0.702, 0.0]
[0.595, 0.67, 0.6738823953823954, 0.731, 0.0]
[0.601, 0.685, 0.6745723862540272, 0.779, 0.0]
[0.585, 0.515, 0.7037603300429484, 0.682, 0.0]
[0.595, 0.782, 0.8157905507247315, 0.653, 0.0]
[0.604, 0.792, 0.722948717948718, 0.733, 0.0]
[0.596, 0.845, 0.7625144864843565, 0.632, 0.0]
[0.611, 0.643, 0.7331523093155092, 0.645, 0.0]
[0.603, 0.428, 0.7544755965727039, 0.605, 0.0]
[0.592, 0.694, 0.7507205841144136, 0.603, 0.0]
[0.593, 0.62, 0.750554251979024, 0.608, 0.0]
[0.598, 0.782, 0.7674840332738015, 0.571, 0.0]
[0.599, 0.739, 0.7555102436797352, 0.71, 0.0]
[0.601, 0.872, 0.6196979078599278, 0.686, 0.0]
[0.591, 0.69, 0.8238281494415949, 0.46, 0.0]
[0.609, 0.488, 0.7188299718065496, 0.741, 0.0]
[0.57, 0.546, 0.8112413807064467, 0.625, 0.0]
[0.597, 0.751, 0.6835952380952381, 0.693, 0.0]
[0.607, 0.506, 0.7258425326407155, 0.765, 0.0]
[0.6, 0.568, 0.7289727435484188, 0.706, 0.0]
[0.606, 0.777, 0.8189492489492489, 0.528, 0.0]
[0.6, 0.524, 0.7263581415204132, 0.646, 0.0]
[0.602, 0.476, 0.7120869887602504, 0.667, 0.0]
[0.588, 0.699, 0.7839630556714412, 0.662, 0.0]
[0.58, 0.462, 0.8745401896221568, 0.435, 0.0]
[0.605, 0.782, 0.7432754246479737, 0.609, 0.0]
[0.61, 0.532, 0.7443390296803308, 0.688, 0.0]
[0.59, 0.819, 0.7641750269539316, 0.652, 0.0]
[0.588, 0.242, 0.8545160110050772, 0.263, 0.0]
[0.584, 0.814, 0.8892744383289434, 0.229, 0.0]
[0.566, 0.729, 0.7036096026040617, 0.189, 0.0]
[0.581, 0.793, 0.7475477800339118, 0.226, 0.0]
[0.586, 0.617, 0.8376230284293099, 0.477, 0.0]
[0.571, 0.51, 0.8942988251895667, 0.251, 0.0]
[0.594, 0.826, 0.6925282677521484, 0.562, 0.0]
[0.609, 0.689, 0.7334885549340702, 0.546, 0.0]
[0.591, 0.722, 0.7401992737562292, 0.622, 0.0]
[0.581, 0.603, 0.9004103319154622, 0.208, 0.0]
[0.576, 0.617, 0.5651566022314725, 0.204, 0.0]
[0.595, 0.811, 0.755089386092564, 0.556, 0.0]
[0.607, 0.792, 0.6657677590266877, 0.751, 0.0]
[0.614, 0.797, 0.7296965904739126, 0.623, 0.0]
[0.589, 0.591, 0.8267251383673797, 0.426, 0.0]
[0.583, 0.408, 0.8494564203816182, 0.371, 0.0]
[0.599, 0.446, 0.7433767449328741, 0.485, 0.0]
[0.609, 0.593, 0.7975116601664589, 0.622, 0.0]
[0.566, 0.389, 0.8854459000079205, 0.322, 0.0]
[0.597, 0.708, 0.7646492953941111, 0.528, 0.0]
[0.599, 0.739, 0.7306927828602705, 0.719, 0.0]
[0.611, 0.855, 0.7602444809341361, 0.61, 0.0]
[0.603, 0.528, 0.7182268932302702, 0.63, 0.0]
[0.594, 0.73, 0.7234706253434552, 0.499, 0.0]
[0.606, 0.622, 0.7582780055193847, 0.497, 0.0]
[0.59, 0.659, 0.7752368702204229, 0.523, 0.0]
[0.596, 0.791, 0.7380552396628391, 0.703, 0.0]
[0.589, 0.778, 0.7450436686782269, 0.68, 0.0]
[0.604, 0.771, 0.7246248345492043, 0.709, 0.0]
[0.602, 0.87, 0.7952768907448348, 0.621, 0.0]
[0.597, 0.703, 0.7365440084099452, 0.727, 0.0]
[0.598, 0.795, 0.7662469836419415, 0.65, 0.0]
[0.595, 0.506, 0.7062094017094017, 0.622, 0.0]
[0.586, 0.328, 0.7820679335564013, 0.527, 0.0]
[0.584, 0.415, 0.7606498131498132, 0.623, 0.0]
[0.607, 0.512, 0.7468445327278708, 0.598, 0.0]
[0.602, 0.503, 0.8226539125431531, 0.503, 0.0]
[0.588, 0.521, 0.7829793116331201, 0.579, 0.0]
[0.6, 0.824, 0.6890646546754295, 0.743, 0.0]
[0.594, 0.591, 0.8090108991440882, 0.443, 0.0]
[0.609, 0.44, 0.7611912243162243, 0.62, 0.0]
[0.606, 0.296, 0.8275476543246977, 0.562, 0.0]
[0.589, 0.318, 0.7613652451884706, 0.534, 0.0]
[0.592, 0.793, 0.7585671859273793, 0.665, 0.0]
[0.602, 0.855, 0.7096148690399269, 0.615, 0.0]
[0.598, 0.425, 0.8445076674737692, 0.421, 0.0]
[0.585, 0.383, 0.7579903093749055, 0.489, 0.0]
[0.589, 0.732, 0.835770917191521, 0.564, 0.0]
[0.581, 0.635, 0.8443402138244946, 0.469, 0.0]
[0.595, 0.768, 0.7627222563143489, 0.533, 0.0]
[0.599, 0.731, 0.7561142457384941, 0.564, 0.0]
[0.606, 0.844, 0.7905763862824197, 0.65, 0.0]
[0.61, 0.732, 0.7366942190576069, 0.605, 0.0]
[0.614, 0.737, 0.7593782413463835, 0.696, 0.0]
[0.605, 0.74, 0.7260040611562351, 0.671, 0.0]
[0.623, 0.732, 0.7958651849401779, 0.701, 0.488]
[0.606, 0.758, 0.6950799200799201, 0.636, 0.0]
[0.608, 0.666, 0.7668092370037449, 0.738, 0.0]
[0.6, 0.632, 0.7219887508493464, 0.812, 0.489]
[0.612, 0.42, 0.7072298607423603, 0.631, 0.0]
[0.608, 0.578, 0.7377098604815997, 0.757, 0.0]
[0.601, 0.76, 0.8015156642237756, 0.576, 0.0]
[0.606, 0.909, 0.7607631036155367, 0.715, 0.0]
[0.599, 0.576, 0.7250156154415789, 0.556, 0.0]
[0.591, 0.462, 0.8038080174598574, 0.402, 0.0]
[0.596, 0.767, 0.79220669146037, 0.601, 0.0]
[0.608, 0.917, 0.7163244399414612, 0.693, 0.0]
[0.609, 0.848, 0.731072556897786, 0.675, 0.0]
[0.591, 0.262, 0.8733448063775933, 0.397, 0.0]
[0.586, 0.491, 0.7969503273007317, 0.544, 0.0]
[0.575, 0.351, 0.8724406593141838, 0.316, 0.0]
[0.606, 0.913, 0.6180652680652681, 0.774, 0.0]
[0.6, 0.909, 0.7111893250898338, 0.721, 0.0]
[0.607, 0.869, 0.7954580255809764, 0.65, 0.0]
[0.599, 0.516, 0.7612592013249908, 0.676, 0.0]
[0.593, 0.845, 0.7379840070435689, 0.699, 0.0]
[0.589, 0.603, 0.7616630882671871, 0.692, 0.0]
[0.597, 0.797, 0.7181119237299204, 0.637, 0.0]
[0.616, 0.672, 0.7848350055871276, 0.549, 0.0]
[0.604, 0.776, 0.7557575015827307, 0.603, 0.0]
[0.597, 0.756, 0.7619794488588107, 0.622, 0.0]
[0.594, 0.394, 0.8214828025547666, 0.44, 0.0]
[0.601, 0.693, 0.8179076959113851, 0.581, 0.0]
[0.611, 0.838, 0.75898014160794, 0.746, 0.0]
[0.608, 0.645, 0.8144246187853584, 0.655, 0.0]
[0.609, 0.664, 0.711260050181346, 0.653, 0.0]
[0.606, 0.768, 0.8337617487943247, 0.474, 0.0]
[0.611, 0.668, 0.6811026690516576, 0.688, 0.0]
[0.598, 0.845, 0.6974441566983187, 0.74, 0.0]
[0.595, 0.647, 0.7633992380882217, 0.689, 0.0]
[0.612, 0.797, 0.6722944794978811, 0.693, 0.0]
[0.585, 0.655, 0.8576432067204287, 0.533, 0.0]
[0.61, 0.619, 0.746334718472095, 0.65, 0.0]
[0.608, 0.495, 0.7535787728026535, 0.697, 0.0]
[0.605, 0.411, 0.6097263713996237, 0.817, 0.0]
[0.601, 0.865, 0.6846126284962277, 0.731, 0.0]
[0.615, 0.452, 0.8122417344414505, 0.39, 0.0]
[0.599, 0.437, 0.8121444043982163, 0.265, 0.0]
[0.593, 0.444, 0.774146176404241, 0.261, 0.0]
[0.615, 0.682, 0.7436619286510591, 0.638, 0.0]
[0.589, 0.231, 0.8325709599225857, 0.536, 0.0]
[0.606, 0.626, 0.7938444221366469, 0.651, 0.0]
[0.595, 0.515, 0.7928954834511734, 0.501, 0.0]
[0.603, 0.416, 0.7933858918592709, 0.591, 0.0]
[0.601, 0.852, 0.7534845554653854, 0.735, 0.0]
[0.596, 0.695, 0.7339018186098536, 0.568, 0.0]
[0.61, 0.873, 0.7301864801864802, 0.649, 0.0]
[0.609, 0.587, 0.7595120064491785, 0.615, 0.0]
[0.59, 0.388, 0.8266966674446087, 0.615, 0.0]
[0.588, 0.471, 0.8655568702990277, 0.486, 0.0]
[0.597, 0.57, 0.7866100162228904, 0.606, 0.0]
[0.595, 0.421, 0.6979195995964289, 0.707, 0.0]
[0.611, 0.844, 0.6764615476686162, 0.714, 0.0]
[0.622, 0.893, 0.7860856463797641, 0.544, 0.488]
[0.605, 0.296, 0.691176214223431, 0.471, 0.0]
[0.606, 0.806, 0.6791019541649064, 0.701, 0.0]
[0.605, 0.688, 0.7531187395135043, 0.644, 0.0]
[0.602, 0.624, 0.7167006699147784, 0.625, 0.0]
[0.588, 0.775, 0.8221417686446548, 0.574, 0.0]
[0.618, 0.469, 0.773801200282213, 0.714, 0.0]
[0.597, 0.199, 0.8159851477092857, 0.475, 0.0]
[0.6, 0.749, 0.758131346897474, 0.624, 0.0]
[0.598, 0.737, 0.7561816265925856, 0.562, 0.0]
[0.597, 0.63, 0.7669391988832448, 0.533, 0.0]
[0.586, 0.56, 0.7785209872095118, 0.558, 0.0]
[0.601, 0.613, 0.761456935611274, 0.579, 0.0]
[0.598, 0.672, 0.7998235972983858, 0.557, 0.0]
[0.608, 0.362, 0.7552809524057613, 0.676, 0.0]
[0.602, 0.461, 0.6749990490458242, 0.819, 0.489]
[0.616, 0.623, 0.7477958055458056, 0.713, 0.0]
[0.597, 0.64, 0.7211534853175721, 0.554, 0.0]
[0.616, 0.62, 0.7547476481369659, 0.732, 0.0]
[0.616, 0.746, 0.710514169517669, 0.755, 0.488]
[0.602, 0.931, 0.7883999079083688, 0.526, 0.0]
[0.601, 0.822, 0.7133768771696798, 0.705, 0.0]
[0.597, 0.793, 0.8224230831169035, 0.651, 0.0]
[0.603, 0.328, 0.7355513046063575, 0.509, 0.0]
[0.594, 0.206, 0.8144464421924377, 0.284, 0.0]
[0.596, 0.762, 0.6727936174469789, 0.742, 0.0]
[0.595, 0.84, 0.7411259680560893, 0.636, 0.0]
[0.597, 0.679, 0.7311961887312967, 0.596, 0.0]
[0.585, 0.3, 0.8414198094565946, 0.314, 0.0]
[0.594, 0.418, 0.7855297615855096, 0.476, 0.0]
[0.597, 0.431, 0.7905803455803455, 0.528, 0.0]
[0.606, 0.41, 0.8388707198740093, 0.459, 0.0]
[0.596, 0.709, 0.7413744285936891, 0.635, 0.0]
[0.607, 0.616, 0.7293002758550978, 0.652, 0.0]
[0.588, 0.749, 0.7623405030671189, 0.697, 0.0]
[0.596, 0.749, 0.7375100218902664, 0.661, 0.0]
[0.613, 0.808, 0.7152547824676148, 0.769, 0.0]
[0.611, 0.566, 0.7556426436639537, 0.697, 0.0]
[0.613, 0.476, 0.684341724659759, 0.742, 0.0]
[0.605, 0.916, 0.6814092396715363, 0.843, 0.489]
[0.608, 0.698, 0.7727956099277921, 0.641, 0.0]
[0.61, 0.534, 0.6883207378300797, 0.642, 0.0]
[0.607, 0.707, 0.7544192329058976, 0.677, 0.0]
[0.602, 0.852, 0.7498817233029115, 0.595, 0.0]
[0.599, 0.609, 0.7546902134705655, 0.603, 0.0]
[0.601, 0.502, 0.8003189506223762, 0.67, 0.0]
[0.606, 0.63, 0.7010538914864601, 0.65, 0.0]
[0.613, 0.527, 0.7282014346637931, 0.767, 0.0]
[0.605, 0.674, 0.7070703153056095, 0.679, 0.0]
[0.624, 0.318, 0.7457695072003696, 0.746, 0.488]
[0.611, 0.683, 0.7193528480196335, 0.695, 0.0]
[0.594, 0.366, 0.82416837959742, 0.53, 0.0]
[0.61, 0.85, 0.7559168054257481, 0.58, 0.0]
[0.613, 0.714, 0.7363959219858477, 0.709, 0.0]
[0.612, 0.391, 0.7778225030370793, 0.336, 0.0]
[0.589, 0.861, 0.6949066034098916, 0.583, 0.0]
[0.588, 0.657, 0.7635573293576342, 0.692, 0.0]
[0.609, 0.845, 0.7894577379899503, 0.59, 0.0]
[0.618, 0.878, 0.6941487456857782, 0.776, 0.488]
[0.598, 0.864, 0.7102424979007138, 0.655, 0.0]
[0.609, 0.704, 0.7630489289243441, 0.523, 0.0]
[0.592, 0.839, 0.8913450626061812, 0.371, 0.489]
[0.606, 0.933, 0.7208737476181696, 0.773, 0.0]
[0.595, 0.907, 0.6818194844626204, 0.71, 0.0]
[0.609, 0.8, 0.7429603370517448, 0.645, 0.0]
[0.616, 0.785, 0.7051441837732162, 0.698, 0.0]
[0.616, 0.685, 0.7191360028860029, 0.756, 0.0]
[0.595, 0.776, 0.7512668100608456, 0.622, 0.0]
[0.598, 0.719, 0.6903523514669025, 0.622, 0.0]
[0.595, 0.854, 0.6858805666717587, 0.643, 0.0]
[0.604, 0.724, 0.7198439983980238, 0.55, 0.0]
[0.595, 0.745, 0.7481625781625783, 0.57, 0.0]
[0.598, 0.712, 0.7555876762434139, 0.651, 0.0]
[0.598, 0.81, 0.8103748263231021, 0.575, 0.0]
[0.609, 0.763, 0.7282671854554139, 0.659, 0.0]
[0.602, 0.798, 0.6850131065551587, 0.705, 0.0]
[0.602, 0.776, 0.7445310434577429, 0.545, 0.0]
[0.616, 0.788, 0.756712866368604, 0.661, 0.0]
[0.606, 0.91, 0.7340040885412831, 0.684, 0.0]
[0.6, 0.834, 0.7352584525306383, 0.59, 0.0]
[0.603, 0.908, 0.7269604138301519, 0.694, 0.0]
[0.615, 0.818, 0.7747412637323581, 0.672, 0.489]
[0.613, 0.379, 0.7663685085967695, 0.774, 0.0]
[0.594, 0.679, 0.7743264869126678, 0.662, 0.0]
[0.595, 0.692, 0.7993165745067272, 0.55, 0.0]
[0.596, 0.767, 0.6628548413069286, 0.754, 0.0]
[0.603, 0.735, 0.7480471771836089, 0.7, 0.0]
[0.606, 0.381, 0.7526580463739452, 0.795, 0.0]
[0.595, 0.627, 0.7649054016616064, 0.682, 0.0]
[0.606, 0.395, 0.7824999807045168, 0.728, 0.0]
[0.606, 0.666, 0.7125681409780648, 0.678, 0.0]
[0.606, 0.472, 0.7149117405582923, 0.65, 0.0]
[0.602, 0.711, 0.8033132508459097, 0.546, 0.0]
[0.607, 0.885, 0.7634400808315758, 0.685, 0.0]
[0.618, 0.539, 0.7514152659131608, 0.73, 0.0]
[0.592, 0.616, 0.7944594222149931, 0.595, 0.0]
[0.614, 0.699, 0.7449577948169498, 0.533, 0.0]
[0.602, 0.291, 0.7346816042307175, 0.613, 0.0]
[0.607, 0.816, 0.6819857848407523, 0.8, 0.489]
[0.606, 0.773, 0.6936746768090052, 0.641, 0.0]
[0.616, 0.824, 0.7293784154380597, 0.681, 0.0]
[0.607, 0.844, 0.742809581983926, 0.721, 0.0]
[0.605, 0.805, 0.6659383441919594, 0.748, 0.0]
[0.61, 0.892, 0.8030973307586894, 0.516, 0.0]
[0.599, 0.862, 0.764790794146434, 0.582, 0.0]
[0.604, 0.812, 0.8200753689369935, 0.606, 0.0]
[0.614, 0.648, 0.7659664175916592, 0.619, 0.0]
[0.595, 0.693, 0.7382180114967001, 0.699, 0.0]
[0.611, 0.701, 0.762059775516531, 0.582, 0.0]
[0.594, 0.668, 0.8179270459698884, 0.403, 0.0]
[0.563, 0.476, 0.8425842101910634, 0.576, 0.0]
[0.604, 0.664, 0.8167896583219164, 0.599, 0.0]
[0.593, 0.205, 0.8212684444349743, 0.606, 0.0]
[0.612, 0.829, 0.7416781459419212, 0.715, 0.0]
[0.584, 0.444, 0.8544528935976304, 0.525, 0.0]
[0.598, 0.765, 0.7404833392542678, 0.794, 0.0]
[0.617, 0.828, 0.6865665872698987, 0.661, 0.0]
[0.618, 0.435, 0.7031990231990233, 0.811, 0.488]
[0.609, 0.914, 0.7149766753799484, 0.798, 0.489]
[0.594, 0.657, 0.7045694651432357, 0.734, 0.0]
[0.587, 0.717, 0.8388909788379412, 0.703, 0.0]
[0.608, 0.771, 0.7093595379402557, 0.543, 0.0]
[0.595, 0.676, 0.7827218969411303, 0.365, 0.0]
[0.587, 0.512, 0.7959771181199753, 0.418, 0.0]
[0.603, 0.684, 0.7967872102760541, 0.534, 0.0]
[0.606, 0.783, 0.7768618473971443, 0.659, 0.0]
[0.603, 0.762, 0.752657760018708, 0.672, 0.0]
[0.611, 0.65, 0.7936616241494244, 0.396, 0.0]
[0.603, 0.923, 0.7495374587360889, 0.639, 0.0]
[0.59, 0.75, 0.8580410419221708, 0.481, 0.0]
[0.609, 0.851, 0.7263343002473437, 0.602, 0.0]
[0.619, 0.66, 0.730426770644162, 0.734, 0.488]
[0.595, 0.652, 0.8129245088446337, 0.618, 0.0]
[0.597, 0.74, 0.7337079355181347, 0.686, 0.0]
[0.605, 0.791, 0.7883964583522161, 0.706, 0.0]
[0.605, 0.84, 0.7648550968090356, 0.701, 0.0]
[0.616, 0.653, 0.7551866593359334, 0.685, 0.0]
[0.616, 0.789, 0.7373879543879543, 0.641, 0.0]
[0.609, 0.865, 0.7523957003966562, 0.694, 0.0]
[0.612, 0.846, 0.8003052687853651, 0.718, 0.489]
[0.604, 0.782, 0.8108754632427624, 0.708, 0.0]
[0.606, 0.829, 0.7697199543471474, 0.576, 0.0]
[0.611, 0.646, 0.7863682498057498, 0.61, 0.0]
[0.596, 0.716, 0.6703473128300714, 0.77, 0.0]
[0.594, 0.525, 0.7924230685315048, 0.523, 0.0]
[0.619, 0.372, 0.6984215317387881, 0.683, 0.0]
[0.616, 0.572, 0.7400871459694989, 0.634, 0.0]
[0.596, 0.464, 0.8115049268193946, 0.509, 0.0]
[0.584, 0.331, 0.8726934265342203, 0.375, 0.0]
[0.599, 0.344, 0.773544917901176, 0.665, 0.0]
[0.616, 0.553, 0.7521476984776513, 0.749, 0.0]
[0.609, 0.868, 0.7503825586178527, 0.634, 0.0]
[0.597, 0.632, 0.764108792373531, 0.741, 0.0]
[0.58, 0.467, 0.8517982940816664, 0.545, 0.0]
[0.616, 0.691, 0.7138109265935132, 0.733, 0.0]
[0.61, 0.779, 0.645481366027443, 0.739, 0.0]
[0.609, 0.907, 0.7552770606427323, 0.668, 0.0]
[0.601, 0.823, 0.6865708325490935, 0.69, 0.0]
[0.605, 0.845, 0.7276159739876826, 0.705, 0.0]
[0.615, 0.653, 0.7219164292109694, 0.772, 0.489]
[0.607, 0.653, 0.8333442180688948, 0.676, 0.0]
[0.604, 0.288, 0.7923789778228153, 0.728, 0.0]
[0.601, 0.78, 0.7067031675958846, 0.628, 0.0]
[0.603, 0.435, 0.6498132233510194, 0.644, 0.0]
[0.614, 0.526, 0.7445795631306553, 0.659, 0.0]
[0.61, 0.782, 0.7110050497862869, 0.675, 0.0]
[0.597, 0.645, 0.7497915560537234, 0.725, 0.0]
[0.602, 0.715, 0.8001547427853559, 0.72, 0.0]
[0.606, 0.829, 0.7723131068358041, 0.677, 0.0]
[0.622, 0.548, 0.719321716230999, 0.731, 0.488]
[0.614, 0.481, 0.7255891181988743, 0.71, 0.0]
[0.616, 0.623, 0.7390626780626781, 0.693, 0.0]
[0.603, 0.808, 0.7593257918552037, 0.646, 0.0]
[0.601, 0.663, 0.8343151115900274, 0.586, 0.0]
[0.602, 0.774, 0.6818586663065959, 0.718, 0.0]
[0.61, 0.327, 0.7041585666548902, 0.701, 0.0]
[0.604, 0.429, 0.7422440966641134, 0.701, 0.0]
[0.602, 0.924, 0.6697367786766806, 0.739, 0.0]
[0.604, 0.804, 0.6963406981851648, 0.668, 0.0]
[0.584, 0.587, 0.7661362260620737, 0.576, 0.0]
[0.595, 0.374, 0.8210021646870751, 0.607, 0.0]
[0.6, 0.703, 0.748365231259968, 0.761, 0.0]
[0.616, 0.486, 0.716217088533784, 0.774, 0.0]
[0.617, 0.373, 0.7172980677858727, 0.765, 0.0]
[0.614, 0.753, 0.7727430182599355, 0.715, 0.489]
[0.613, 0.861, 0.7217012527474279, 0.765, 0.0]
[0.587, 0.494, 0.7710609911747875, 0.676, 0.0]
[0.601, 0.689, 0.7615999667448454, 0.648, 0.0]
[0.606, 0.651, 0.7154867588678719, 0.758, 0.0]
[0.596, 0.588, 0.815411628540305, 0.636, 0.0]
[0.617, 0.713, 0.740645031541539, 0.742, 0.488]
[0.607, 0.815, 0.7756191506956969, 0.51, 0.0]
[0.58, 0.375, 0.8130660957400088, 0.36, 0.0]
[0.598, 0.663, 0.7630897126932652, 0.625, 0.0]
[0.581, 0.662, 0.8134578312459668, 0.606, 0.0]
[0.605, 0.845, 0.6813851169187658, 0.686, 0.0]
[0.612, 0.735, 0.7644703405609685, 0.657, 0.0]
[0.603, 0.731, 0.7571392165048882, 0.632, 0.0]
[0.616, 0.485, 0.7820046565295098, 0.59, 0.0]
[0.601, 0.559, 0.701529083942877, 0.733, 0.0]
[0.611, 0.679, 0.7472980110640428, 0.62, 0.0]
[0.61, 0.86, 0.7886557403163599, 0.64, 0.0]
[0.609, 0.844, 0.6466110439139343, 0.797, 0.489]
[0.608, 0.894, 0.7662030001948178, 0.664, 0.0]
[0.609, 0.623, 0.7814842569829092, 0.634, 0.0]
[0.6, 0.66, 0.7644614753996548, 0.785, 0.0]
[0.609, 0.842, 0.7924062445941877, 0.542, 0.0]
[0.601, 0.478, 0.7690872828793068, 0.697, 0.0]
[0.61, 0.672, 0.7511207682082212, 0.734, 0.0]
[0.608, 0.874, 0.7173662926601215, 0.664, 0.0]
[0.615, 0.522, 0.7102440373001575, 0.758, 0.0]
[0.6, 0.79, 0.8245293825535773, 0.528, 0.0]
[0.588, 0.682, 0.7486328073549169, 0.653, 0.0]
[0.616, 0.508, 0.6849277954341246, 0.796, 0.488]
[0.621, 0.376, 0.7897407029037975, 0.691, 0.0]
[0.613, 0.719, 0.7262939837648162, 0.789, 0.489]
[0.606, 0.815, 0.7267035147392291, 0.722, 0.0]
[0.605, 0.786, 0.7361639568550196, 0.748, 0.0]
[0.605, 0.877, 0.725341704718417, 0.629, 0.0]
[0.597, 0.639, 0.740628978864273, 0.569, 0.0]
[0.599, 0.57, 0.7816488147497805, 0.471, 0.0]
[0.609, 0.806, 0.7416029718801547, 0.657, 0.0]
[0.593, 0.721, 0.7824978480415581, 0.569, 0.0]
[0.616, 0.455, 0.7368901580157496, 0.652, 0.0]
[0.608, 0.515, 0.7610839511120016, 0.581, 0.0]
[0.599, 0.601, 0.7554909567587709, 0.661, 0.0]
[0.6, 0.477, 0.7671955898640621, 0.56, 0.0]
[0.601, 0.349, 0.7538966396653962, 0.635, 0.0]
[0.617, 0.847, 0.7384626001391853, 0.673, 0.0]
[0.593, 0.249, 0.7940376360187682, 0.546, 0.0]
[0.614, 0.639, 0.6538531468531468, 0.79, 0.489]
[0.606, 0.823, 0.751243178552315, 0.712, 0.0]
[0.599, 0.486, 0.7506551006343748, 0.617, 0.0]
[0.605, 0.717, 0.8219074132214403, 0.644, 0.0]
[0.608, 0.76, 0.6995841344425369, 0.59, 0.0]
[0.598, 0.853, 0.77223266993034, 0.646, 0.0]
[0.605, 0.892, 0.6152266186274802, 0.725, 0.0]
[0.593, 0.693, 0.7388693040866954, 0.666, 0.0]
[0.593, 0.685, 0.7723118899733807, 0.63, 0.0]
[0.591, 0.715, 0.7605630088879753, 0.661, 0.0]
[0.601, 0.11, 0.7419808463343719, 0.55, 0.0]
[0.594, 0.27, 0.7151031976824871, 0.584, 0.0]
[0.595, 0.122, 0.7524410211732573, 0.438, 0.0]
[0.612, 0.814, 0.70183820915185, 0.737, 0.0]
[0.61, 0.655, 0.7404699937615724, 0.67, 0.0]
[0.621, 0.585, 0.7838119346227916, 0.584, 0.0]
[0.623, 0.37, 0.8052403897600526, 0.632, 0.488]
[0.607, 0.854, 0.7150290627165627, 0.736, 0.0]
[0.595, 0.803, 0.8146330608011563, 0.431, 0.0]
[0.604, 0.632, 0.7196795549178794, 0.706, 0.0]
[0.602, 0.616, 0.6619081427090581, 0.653, 0.0]
[0.615, 0.767, 0.7483684904416612, 0.692, 0.0]
[0.609, 0.8, 0.7160583486440522, 0.718, 0.0]
[0.6, 0.718, 0.7811497117509776, 0.552, 0.0]
[0.601, 0.871, 0.8068376121635095, 0.65, 0.0]
[0.619, 0.568, 0.7493720730746047, 0.646, 0.0]
[0.609, 0.484, 0.7741604179550607, 0.67, 0.0]
[0.603, 0.429, 0.6950242945790892, 0.655, 0.0]
[0.589, 0.392, 0.8186253563764739, 0.555, 0.0]
[0.614, 0.878, 0.7341892710457208, 0.679, 0.0]
[0.601, 0.756, 0.6904254366323332, 0.743, 0.0]
[0.606, 0.916, 0.7715857575184601, 0.704, 0.0]
[0.609, 0.91, 0.7238767372977899, 0.719, 0.0]
[0.609, 0.843, 0.7193069368319027, 0.668, 0.0]
[0.609, 0.826, 0.8140619907037192, 0.577, 0.0]
[0.622, 0.247, 0.7173431686208938, 0.773, 0.488]
[0.609, 0.476, 0.7807022801759644, 0.675, 0.0]
[0.609, 0.666, 0.7951281733886237, 0.627, 0.0]
